0	71.7263
0.01	60.9366
0.02	53.15
0.03	47.2272
0.04	42.5516
0.05	38.7567
0.06	35.6091
0.07	32.9526
0.08	30.6782
0.09	28.7073
0.1	26.9819
0.11	25.458
0.12	24.1017
0.13	22.8864
0.14	21.7908
0.15	20.7977
0.16	19.8933
0.17	19.066
0.18	18.3062
0.19	17.6058
0.2	16.9581
0.21	16.3572
0.22	15.7982
0.23	15.2768
0.24	14.7892
0.25	14.3322
0.26	13.9029
0.27	13.4989
0.28	13.118
0.29	12.7581
0.3	12.4177
0.31	12.095
0.32	11.7887
0.33	11.4975
0.34	11.2204
0.35	10.9563
0.36	10.7042
0.37	10.4634
0.38	10.233
0.39	10.0124
0.4	9.80098
0.41	9.59808
0.42	9.40319
0.43	9.21583
0.44	9.03552
0.45	8.86187
0.46	8.69447
0.47	8.53297
0.48	8.37704
0.49	8.22637
0.5	8.08066
0.51	7.93966
0.52	7.80312
0.53	7.6708
0.54	7.54248
0.55	7.41797
0.56	7.29707
0.57	7.1796
0.58	7.0654
0.59	6.95431
0.6	6.84619
0.61	6.74089
0.62	6.63829
0.63	6.53825
0.64	6.44068
0.65	6.34545
0.66	6.25247
0.67	6.16164
0.68	6.07286
0.69	5.98606
0.7	5.90114
0.71	5.81803
0.72	5.73666
0.73	5.65696
0.74	5.57886
0.75	5.5023
0.76	5.42723
0.77	5.35358
0.78	5.2813
0.79	5.21035
0.8	5.14067
0.81	5.07222
0.82	5.00496
0.83	4.93884
0.84	4.87384
0.85	4.8099
0.86	4.747
0.87	4.6851
0.88	4.62418
0.89	4.5642
0.9	4.50513
0.91	4.44695
0.92	4.38963
0.93	4.33314
0.94	4.27747
0.95	4.2226
0.96	4.16849
0.97	4.11513
0.98	4.06251
0.99	4.0106
1	3.95939
1.01	3.90886
1.02	3.85899
1.03	3.80977
1.04	3.76119
1.05	3.71324
1.06	3.66589
1.07	3.61914
1.08	3.57297
1.09	3.52738
1.1	3.48236
1.11	3.43788
1.12	3.39396
1.13	3.35056
1.14	3.3077
1.15	3.26535
1.16	3.22351
1.17	3.18217
1.18	3.14132
1.19	3.10096
1.2	3.06108
1.21	3.02167
1.22	2.98273
1.23	2.94425
1.24	2.90622
1.25	2.86864
1.26	2.83151
1.27	2.7948
1.28	2.75854
1.29	2.72269
1.3	2.68727
1.31	2.65227
1.32	2.61767
1.33	2.58349
1.34	2.5497
1.35	2.51632
1.36	2.48332
1.37	2.45072
1.38	2.41851
1.39	2.38667
1.4	2.35521
1.41	2.32413
1.42	2.29342
1.43	2.26307
1.44	2.23308
1.45	2.20346
1.46	2.17418
1.47	2.14526
1.48	2.11669
1.49	2.08846
1.5	2.06058
1.51	2.03303
1.52	2.00582
1.53	1.97893
1.54	1.95238
1.55	1.92615
1.56	1.90024
1.57	1.87465
1.58	1.84937
1.59	1.82441
1.6	1.79975
1.61	1.7754
1.62	1.75135
1.63	1.72761
1.64	1.70416
1.65	1.681
1.66	1.65813
1.67	1.63555
1.68	1.61325
1.69	1.59124
1.7	1.5695
1.71	1.54804
1.72	1.52686
1.73	1.50594
1.74	1.48529
1.75	1.4649
1.76	1.44478
1.77	1.42491
1.78	1.4053
1.79	1.38595
1.8	1.36684
1.81	1.34798
1.82	1.32936
1.83	1.31099
1.84	1.29286
1.85	1.27496
1.86	1.2573
1.87	1.23987
1.88	1.22267
1.89	1.20569
1.9	1.18894
1.91	1.17241
1.92	1.1561
1.93	1.14
1.94	1.12412
1.95	1.10845
1.96	1.09298
1.97	1.07773
1.98	1.06267
1.99	1.04782
2	1.03317
2.01	1.01871
2.02	1.00445
2.03	0.990377
2.04	0.976496
2.05	0.962802
2.06	0.949293
2.07	0.935967
2.08	0.922821
2.09	0.909853
2.1	0.897061
2.11	0.884443
2.12	0.871997
2.13	0.85972
2.14	0.847611
2.15	0.835667
2.16	0.823886
2.17	0.812267
2.18	0.800807
2.19	0.789503
2.2	0.778355
2.21	0.767361
2.22	0.756517
2.23	0.745823
2.24	0.735276
2.25	0.724874
2.26	0.714616
2.27	0.7045
2.28	0.694524
2.29	0.684686
2.3	0.674984
2.31	0.665417
2.32	0.655982
2.33	0.646679
2.34	0.637504
2.35	0.628458
2.36	0.619537
2.37	0.61074
2.38	0.602066
2.39	0.593513
2.4	0.58508
2.41	0.576764
2.42	0.568564
2.43	0.560479
2.44	0.552507
2.45	0.544647
2.46	0.536897
2.47	0.529256
2.48	0.521721
2.49	0.514293
2.5	0.506968
2.51	0.499747
2.52	0.492627
2.53	0.485607
2.54	0.478686
2.55	0.471862
2.56	0.465135
2.57	0.458502
2.58	0.451963
2.59	0.445516
2.6	0.439159
2.61	0.432893
2.62	0.426715
2.63	0.420624
2.64	0.41462
2.65	0.4087
2.66	0.402864
2.67	0.39711
2.68	0.391438
2.69	0.385846
2.7	0.380334
2.71	0.374899
2.72	0.369542
2.73	0.36426
2.74	0.359053
2.75	0.35392
2.76	0.34886
2.77	0.343872
2.78	0.338955
2.79	0.334107
2.8	0.329328
2.81	0.324617
2.82	0.319974
2.83	0.315396
2.84	0.310883
2.85	0.306434
2.86	0.302049
2.87	0.297726
2.88	0.293464
2.89	0.289264
2.9	0.285123
2.91	0.281041
2.92	0.277017
2.93	0.27305
2.94	0.26914
2.95	0.265286
2.96	0.261487
2.97	0.257741
2.98	0.25405
2.99	0.25041
3	0.246823
3.01	0.243287
3.02	0.239802
3.03	0.236366
3.04	0.232979
3.05	0.22964
3.06	0.22635
3.07	0.223106
3.08	0.219908
3.09	0.216756
3.1	0.21365
3.11	0.210587
3.12	0.207569
3.13	0.204593
3.14	0.20166
3.15	0.198769
3.16	0.195919
3.17	0.19311
3.18	0.190341
3.19	0.187612
3.2	0.184922
3.21	0.18227
3.22	0.179656
3.23	0.17708
3.24	0.174541
3.25	0.172037
3.26	0.16957
3.27	0.167138
3.28	0.164741
3.29	0.162378
3.3	0.160049
3.31	0.157753
3.32	0.15549
3.33	0.153259
3.34	0.151061
3.35	0.148894
3.36	0.146758
3.37	0.144652
3.38	0.142577
3.39	0.140531
3.4	0.138515
3.41	0.136528
3.42	0.134569
3.43	0.132638
3.44	0.130735
3.45	0.128859
3.46	0.12701
3.47	0.125187
3.48	0.123391
3.49	0.12162
3.5	0.119875
3.51	0.118154
3.52	0.116459
3.53	0.114788
3.54	0.11314
3.55	0.111516
3.56	0.109916
3.57	0.108339
3.58	0.106784
3.59	0.105251
3.6	0.10374
3.61	0.102251
3.62	0.100784
3.63	0.0993372
3.64	0.0979114
3.65	0.096506
3.66	0.0951208
3.67	0.0937555
3.68	0.0924097
3.69	0.0910833
3.7	0.0897758
3.71	0.0884871
3.72	0.0872169
3.73	0.085965
3.74	0.0847309
3.75	0.0835146
3.76	0.0823158
3.77	0.0811341
3.78	0.0799694
3.79	0.0788214
3.8	0.0776899
3.81	0.0765746
3.82	0.0754753
3.83	0.0743917
3.84	0.0733238
3.85	0.0722711
3.86	0.0712336
3.87	0.0702109
3.88	0.0692029
3.89	0.0682094
3.9	0.0672302
3.91	0.066265
3.92	0.0653136
3.93	0.0643759
3.94	0.0634517
3.95	0.0625407
3.96	0.0616428
3.97	0.0607577
3.98	0.0598854
3.99	0.0590256
4	0.0581782
4.01	0.0573429
4.02	0.0565196
4.03	0.0557081
4.04	0.0549082
4.05	0.0541199
4.06	0.0533428
4.07	0.0525769
4.08	0.0518221
4.09	0.051078
4.1	0.0503446
4.11	0.0496218
4.12	0.0489093
4.13	0.048207
4.14	0.0475149
4.15	0.0468326
4.16	0.0461602
4.17	0.0454974
4.18	0.0448441
4.19	0.0442002
4.2	0.0435656
4.21	0.04294
4.22	0.0423235
4.23	0.0417158
4.24	0.0411168
4.25	0.0405264
4.26	0.0399445
4.27	0.0393709
4.28	0.0388056
4.29	0.0382484
4.3	0.0376992
4.31	0.0371579
4.32	0.0366243
4.33	0.0360985
4.34	0.0355801
4.35	0.0350692
4.36	0.0345657
4.37	0.0340693
4.38	0.0335801
4.39	0.0330979
4.4	0.0326227
4.41	0.0321542
4.42	0.0316925
4.43	0.0312375
4.44	0.0307889
4.45	0.0303468
4.46	0.029911
4.47	0.0294815
4.48	0.0290582
4.49	0.0286409
4.5	0.0282297
4.51	0.0278243
4.52	0.0274248
4.53	0.027031
4.54	0.0266428
4.55	0.0262602
4.56	0.0258832
4.57	0.0255115
4.58	0.0251452
4.59	0.0247841
4.6	0.0244282
4.61	0.0240774
4.62	0.0237317
4.63	0.0233909
4.64	0.023055
4.65	0.0227239
4.66	0.0223976
4.67	0.022076
4.68	0.021759
4.69	0.0214466
4.7	0.0211386
4.71	0.0208351
4.72	0.0205359
4.73	0.020241
4.74	0.0199503
4.75	0.0196638
4.76	0.0193815
4.77	0.0191032
4.78	0.0188288
4.79	0.0185585
4.8	0.018292
4.81	0.0180293
4.82	0.0177704
4.83	0.0175152
4.84	0.0172637
4.85	0.0170158
4.86	0.0167715
4.87	0.0165306
4.88	0.0162932
4.89	0.0160593
4.9	0.0158287
4.91	0.0156014
4.92	0.0153773
4.93	0.0151565
4.94	0.0149389
4.95	0.0147244
4.96	0.0145129
4.97	0.0143045
4.98	0.0140991
4.99	0.0138966
5	0.0136971
5.01	0.0135004
5.02	0.0133065
5.03	0.0131155
5.04	0.0129271
5.05	0.0127415
5.06	0.0125585
5.07	0.0123782
5.08	0.0122004
5.09	0.0120252
5.1	0.0118525
5.11	0.0116823
5.12	0.0115146
5.13	0.0113492
5.14	0.0111863
5.15	0.0110256
5.16	0.0108673
5.17	0.0107112
5.18	0.0105574
5.19	0.0104058
5.2	0.0102564
5.21	0.0101091
5.22	0.00996395
5.23	0.00982087
5.24	0.00967984
5.25	0.00954084
5.26	0.00940383
5.27	0.00926879
5.28	0.00913569
5.29	0.0090045
5.3	0.0088752
5.31	0.00874775
5.32	0.00862213
5.33	0.00849832
5.34	0.00837628
5.35	0.008256
5.36	0.00813744
5.37	0.00802059
5.38	0.00790541
5.39	0.00779189
5.4	0.00768
5.41	0.00756971
5.42	0.00746101
5.43	0.00735387
5.44	0.00724827
5.45	0.00714418
5.46	0.00704159
5.47	0.00694048
5.48	0.00684081
5.49	0.00674258
5.5	0.00664575
5.51	0.00655032
5.52	0.00645626
5.53	0.00636354
5.54	0.00627216
5.55	0.00618209
5.56	0.00609332
5.57	0.00600582
5.58	0.00591957
5.59	0.00583457
5.6	0.00575078
5.61	0.0056682
5.62	0.00558681
5.63	0.00550658
5.64	0.00542751
5.65	0.00534957
5.66	0.00527275
5.67	0.00519703
5.68	0.0051224
5.69	0.00504884
5.7	0.00497634
5.71	0.00490488
5.72	0.00483444
5.73	0.00476502
5.74	0.0046966
5.75	0.00462915
5.76	0.00456268
5.77	0.00449716
5.78	0.00443258
5.79	0.00436892
5.8	0.00430619
5.81	0.00424435
5.82	0.0041834
5.83	0.00412333
5.84	0.00406412
5.85	0.00400575
5.86	0.00394823
5.87	0.00389153
5.88	0.00383565
5.89	0.00378057
5.9	0.00372628
5.91	0.00367277
5.92	0.00362003
5.93	0.00356805
5.94	0.00351681
5.95	0.00346631
5.96	0.00341653
5.97	0.00336747
5.98	0.00331911
5.99	0.00327145
6	0.00322447
6.01	0.00317817
6.02	0.00313253
6.03	0.00308755
6.04	0.00304321
6.05	0.00299951
6.06	0.00295643
6.07	0.00291398
6.08	0.00287213
6.09	0.00283089
6.1	0.00279024
6.11	0.00275017
6.12	0.00271068
6.13	0.00267175
6.14	0.00263339
6.15	0.00259557
6.16	0.0025583
6.17	0.00252156
6.18	0.00248535
6.19	0.00244966
6.2	0.00241448
6.21	0.00237981
6.22	0.00234564
6.23	0.00231195
6.24	0.00227875
6.25	0.00224603
6.26	0.00221378
6.27	0.00218199
6.28	0.00215065
6.29	0.00211977
6.3	0.00208933
6.31	0.00205933
6.32	0.00202975
6.33	0.00200061
6.34	0.00197188
6.35	0.00194356
6.36	0.00191565
6.37	0.00188814
6.38	0.00186103
6.39	0.0018343
6.4	0.00180796
6.41	0.001782
6.42	0.00175641
6.43	0.00173119
6.44	0.00170633
6.45	0.00168183
6.46	0.00165767
6.47	0.00163387
6.48	0.00161041
6.49	0.00158728
6.5	0.00156449
6.51	0.00154202
6.52	0.00151988
6.53	0.00149805
6.54	0.00147654
6.55	0.00145534
6.56	0.00143444
6.57	0.00141384
6.58	0.00139354
6.59	0.00137353
6.6	0.0013538
6.61	0.00133436
6.62	0.0013152
6.63	0.00129631
6.64	0.0012777
6.65	0.00125935
6.66	0.00124127
6.67	0.00122344
6.68	0.00120587
6.69	0.00118856
6.7	0.00117149
6.71	0.00115467
6.72	0.00113808
6.73	0.00112174
6.74	0.00110563
6.75	0.00108976
6.76	0.00107411
6.77	0.00105868
6.78	0.00104348
6.79	0.0010285
6.8	0.00101373
6.81	0.000999169
6.82	0.000984821
6.83	0.000970679
6.84	0.00095674
6.85	0.000943001
6.86	0.000929459
6.87	0.000916112
6.88	0.000902957
6.89	0.00088999
6.9	0.00087721
6.91	0.000864613
6.92	0.000852197
6.93	0.000839959
6.94	0.000827898
6.95	0.000816009
6.96	0.000804291
6.97	0.000792741
6.98	0.000781357
6.99	0.000770137
7	0.000759078
7.01	0.000748177
7.02	0.000737433
7.03	0.000726844
7.04	0.000716406
7.05	0.000706119
7.06	0.000695979
7.07	0.000685984
7.08	0.000676133
7.09	0.000666424
7.1	0.000656854
7.11	0.000647422
7.12	0.000638125
7.13	0.000628961
7.14	0.000619929
7.15	0.000611027
7.16	0.000602253
7.17	0.000593604
7.18	0.00058508
7.19	0.000576678
7.2	0.000568397
7.21	0.000560235
7.22	0.00055219
7.23	0.00054426
7.24	0.000536445
7.25	0.000528741
7.26	0.000521148
7.27	0.000513665
7.28	0.000506288
7.29	0.000499018
7.3	0.000491852
7.31	0.000484789
7.32	0.000477827
7.33	0.000470966
7.34	0.000464203
7.35	0.000457537
7.36	0.000450966
7.37	0.00044449
7.38	0.000438108
7.39	0.000431816
7.4	0.000425615
7.41	0.000419503
7.42	0.000413479
7.43	0.000407542
7.44	0.000401689
7.45	0.000395921
7.46	0.000390236
7.47	0.000384632
7.48	0.000379108
7.49	0.000373664
7.5	0.000368299
7.51	0.00036301
7.52	0.000357797
7.53	0.000352659
7.54	0.000347595
7.55	0.000342603
7.56	0.000337683
7.57	0.000332834
7.58	0.000328055
7.59	0.000323344
7.6	0.000318701
7.61	0.000314124
7.62	0.000309613
7.63	0.000305167
7.64	0.000300785
7.65	0.000296466
7.66	0.000292208
7.67	0.000288012
7.68	0.000283876
7.69	0.0002798
7.7	0.000275782
7.71	0.000271822
7.72	0.000267918
7.73	0.000264071
7.74	0.000260279
7.75	0.000256541
7.76	0.000252857
7.77	0.000249226
7.78	0.000245647
7.79	0.00024212
7.8	0.000238643
7.81	0.000235216
7.82	0.000231838
7.83	0.000228509
7.84	0.000225227
7.85	0.000221993
7.86	0.000218805
7.87	0.000215663
7.88	0.000212566
7.89	0.000209514
7.9	0.000206505
7.91	0.00020354
7.92	0.000200617
7.93	0.000197736
7.94	0.000194897
7.95	0.000192098
7.96	0.000189339
7.97	0.00018662
7.98	0.00018394
7.99	0.000181299
8	0.000178696
8.01	0.000176129
8.02	0.0001736
8.03	0.000171107
8.04	0.00016865
8.05	0.000166228
8.06	0.000163841
8.07	0.000161489
8.08	0.00015917
8.09	0.000156884
8.1	0.000154631
8.11	0.00015241
8.12	0.000150222
8.13	0.000148065
8.14	0.000145938
8.15	0.000143843
8.16	0.000141777
8.17	0.000139741
8.18	0.000137735
8.19	0.000135757
8.2	0.000133807
8.21	0.000131886
8.22	0.000129992
8.23	0.000128125
8.24	0.000126285
8.25	0.000124472
8.26	0.000122684
8.27	0.000120923
8.28	0.000119186
8.29	0.000117475
8.3	0.000115788
8.31	0.000114125
8.32	0.000112486
8.33	0.000110871
8.34	0.000109279
8.35	0.000107709
8.36	0.000106163
8.37	0.000104638
8.38	0.000103136
8.39	0.000101654
8.4	0.000100195
8.41	9.87559e-05
8.42	9.73378e-05
8.43	9.594e-05
8.44	9.45623e-05
8.45	9.32044e-05
8.46	9.18659e-05
8.47	9.05467e-05
8.48	8.92465e-05
8.49	8.79649e-05
8.5	8.67017e-05
8.51	8.54567e-05
8.52	8.42295e-05
8.53	8.30199e-05
8.54	8.18278e-05
8.55	8.06527e-05
8.56	7.94945e-05
8.57	7.8353e-05
8.58	7.72278e-05
8.59	7.61188e-05
8.6	7.50258e-05
8.61	7.39484e-05
8.62	7.28865e-05
8.63	7.18398e-05
8.64	7.08082e-05
8.65	6.97914e-05
8.66	6.87892e-05
8.67	6.78013e-05
8.68	6.68277e-05
8.69	6.58681e-05
8.7	6.49222e-05
8.71	6.39899e-05
8.72	6.3071e-05
8.73	6.21653e-05
8.74	6.12726e-05
8.75	6.03927e-05
8.76	5.95255e-05
8.77	5.86707e-05
8.78	5.78282e-05
8.79	5.69977e-05
8.8	5.61792e-05
8.81	5.53725e-05
8.82	5.45773e-05
8.83	5.37936e-05
8.84	5.30211e-05
8.85	5.22597e-05
8.86	5.15093e-05
8.87	5.07696e-05
8.88	5.00405e-05
8.89	4.9322e-05
8.9	4.86137e-05
8.91	4.79156e-05
8.92	4.72275e-05
8.93	4.65493e-05
8.94	4.58809e-05
8.95	4.5222e-05
8.96	4.45726e-05
8.97	4.39326e-05
8.98	4.33017e-05
8.99	4.26799e-05
9	4.2067e-05
9.01	4.14629e-05
9.02	4.08675e-05
9.03	4.02806e-05
9.04	3.97022e-05
9.05	3.91321e-05
9.06	3.85701e-05
9.07	3.80163e-05
9.08	3.74703e-05
9.09	3.69323e-05
9.1	3.64019e-05
9.11	3.58792e-05
9.12	3.53639e-05
9.13	3.48561e-05
9.14	3.43556e-05
9.15	3.38622e-05
9.16	3.3376e-05
9.17	3.28967e-05
9.18	3.24243e-05
9.19	3.19587e-05
9.2	3.14997e-05
9.21	3.10474e-05
9.22	3.06016e-05
9.23	3.01621e-05
9.24	2.9729e-05
9.25	2.93021e-05
9.26	2.88813e-05
9.27	2.84665e-05
9.28	2.80578e-05
9.29	2.76549e-05
9.3	2.72577e-05
9.31	2.68663e-05
9.32	2.64805e-05
9.33	2.61002e-05
9.34	2.57254e-05
9.35	2.5356e-05
9.36	2.49919e-05
9.37	2.4633e-05
9.38	2.42793e-05
9.39	2.39306e-05
9.4	2.3587e-05
9.41	2.32483e-05
9.42	2.29144e-05
9.43	2.25854e-05
9.44	2.2261e-05
9.45	2.19414e-05
9.46	2.16263e-05
9.47	2.13157e-05
9.48	2.10096e-05
9.49	2.07079e-05
9.5	2.04106e-05
9.51	2.01175e-05
9.52	1.98286e-05
9.53	1.95438e-05
9.54	1.92632e-05
9.55	1.89866e-05
9.56	1.87139e-05
9.57	1.84452e-05
9.58	1.81803e-05
9.59	1.79192e-05
9.6	1.76619e-05
9.61	1.74083e-05
9.62	1.71583e-05
9.63	1.69119e-05
9.64	1.66691e-05
9.65	1.64297e-05
9.66	1.61938e-05
9.67	1.59612e-05
9.68	1.5732e-05
9.69	1.55061e-05
9.7	1.52834e-05
9.71	1.5064e-05
9.72	1.48476e-05
9.73	1.46344e-05
9.74	1.44243e-05
9.75	1.42171e-05
9.76	1.4013e-05
9.77	1.38117e-05
9.78	1.36134e-05
9.79	1.34179e-05
9.8	1.32252e-05
9.81	1.30353e-05
9.82	1.28481e-05
9.83	1.26636e-05
9.84	1.24818e-05
9.85	1.23025e-05
9.86	1.21259e-05
9.87	1.19517e-05
9.88	1.17801e-05
9.89	1.1611e-05
9.9	1.14442e-05
9.91	1.12799e-05
9.92	1.11179e-05
9.93	1.09582e-05
9.94	1.08009e-05
9.95	1.06458e-05
9.96	1.04929e-05
9.97	1.03422e-05
9.98	1.01937e-05
9.99	1.00473e-05
10	9.90305e-06
