0	6.27204
0.01	5.22985
0.02	4.46287
0.03	3.86684
0.04	3.38532
0.05	2.9847
0.06	2.64361
0.07	2.34769
0.08	2.08694
0.09	1.85417
0.1	1.64403
0.11	1.45248
0.12	1.2764
0.13	1.11333
0.14	0.961336
0.15	0.818827
0.16	0.684519
0.17	0.557352
0.18	0.436441
0.19	0.321044
0.2	0.210532
0.21	0.104373
0.22	0.00210565
0.23	-0.0966639
0.24	-0.192279
0.25	-0.285037
0.26	-0.3752
0.27	-0.462998
0.28	-0.548632
0.29	-0.632282
0.3	-0.714108
0.31	-0.79425
0.32	-0.872837
0.33	-0.94998
0.34	-1.02578
0.35	-1.10033
0.36	-1.17372
0.37	-1.24601
0.38	-1.31728
0.39	-1.38759
0.4	-1.45698
0.41	-1.52552
0.42	-1.59324
0.43	-1.6602
0.44	-1.72642
0.45	-1.79194
0.46	-1.85679
0.47	-1.921
0.48	-1.98459
0.49	-2.0476
0.5	-2.11003
0.51	-2.17191
0.52	-2.23326
0.53	-2.29409
0.54	-2.35442
0.55	-2.41425
0.56	-2.4736
0.57	-2.53248
0.58	-2.5909
0.59	-2.64886
0.6	-2.70638
0.61	-2.76345
0.62	-2.82009
0.63	-2.87629
0.64	-2.93207
0.65	-2.98742
0.66	-3.04234
0.67	-3.09684
0.68	-3.15093
0.69	-3.20459
0.7	-3.25783
0.71	-3.31064
0.72	-3.36304
0.73	-3.41502
0.74	-3.46657
0.75	-3.5177
0.76	-3.5684
0.77	-3.61868
0.78	-3.66853
0.79	-3.71794
0.8	-3.76692
0.81	-3.81546
0.82	-3.86356
0.83	-3.91123
0.84	-3.95845
0.85	-4.00522
0.86	-4.05154
0.87	-4.09741
0.88	-4.14283
0.89	-4.18779
0.9	-4.2323
0.91	-4.27634
0.92	-4.31992
0.93	-4.36303
0.94	-4.40568
0.95	-4.44785
0.96	-4.48956
0.97	-4.5308
0.98	-4.57156
0.99	-4.61184
1	-4.65165
1.01	-4.69099
1.02	-4.72984
1.03	-4.76822
1.04	-4.80612
1.05	-4.84353
1.06	-4.88047
1.07	-4.91693
1.08	-4.95292
1.09	-4.98842
1.1	-5.02344
1.11	-5.05799
1.12	-5.09206
1.13	-5.12566
1.14	-5.15878
1.15	-5.19143
1.16	-5.22361
1.17	-5.25532
1.18	-5.28656
1.19	-5.31734
1.2	-5.34766
1.21	-5.37751
1.22	-5.40691
1.23	-5.43585
1.24	-5.46435
1.25	-5.49239
1.26	-5.51998
1.27	-5.54713
1.28	-5.57385
1.29	-5.60012
1.3	-5.62597
1.31	-5.65138
1.32	-5.67637
1.33	-5.70094
1.34	-5.72509
1.35	-5.74882
1.36	-5.77215
1.37	-5.79507
1.38	-5.81759
1.39	-5.83971
1.4	-5.86144
1.41	-5.88278
1.42	-5.90374
1.43	-5.92432
1.44	-5.94452
1.45	-5.96436
1.46	-5.98382
1.47	-6.00293
1.48	-6.02168
1.49	-6.04007
1.5	-6.05812
1.51	-6.07583
1.52	-6.0932
1.53	-6.11024
1.54	-6.12694
1.55	-6.14333
1.56	-6.15939
1.57	-6.17514
1.58	-6.19058
1.59	-6.20572
1.6	-6.22055
1.61	-6.23509
1.62	-6.24934
1.63	-6.2633
1.64	-6.27698
1.65	-6.29038
1.66	-6.30351
1.67	-6.31637
1.68	-6.32896
1.69	-6.3413
1.7	-6.35338
1.71	-6.36521
1.72	-6.37679
1.73	-6.38813
1.74	-6.39924
1.75	-6.41011
1.76	-6.42075
1.77	-6.43116
1.78	-6.44135
1.79	-6.45133
1.8	-6.46109
1.81	-6.47064
1.82	-6.47998
1.83	-6.48913
1.84	-6.49807
1.85	-6.50682
1.86	-6.51538
1.87	-6.52376
1.88	-6.53195
1.89	-6.53995
1.9	-6.54779
1.91	-6.55545
1.92	-6.56294
1.93	-6.57026
1.94	-6.57742
1.95	-6.58443
1.96	-6.59127
1.97	-6.59796
1.98	-6.6045
1.99	-6.6109
2	-6.61715
2.01	-6.62326
2.02	-6.62923
2.03	-6.63506
2.04	-6.64077
2.05	-6.64634
2.06	-6.65178
2.07	-6.6571
2.08	-6.6623
2.09	-6.66738
2.1	-6.67234
2.11	-6.67719
2.12	-6.68193
2.13	-6.68655
2.14	-6.69107
2.15	-6.69549
2.16	-6.6998
2.17	-6.70401
2.18	-6.70812
2.19	-6.71214
2.2	-6.71606
2.21	-6.71989
2.22	-6.72363
2.23	-6.72729
2.24	-6.73085
2.25	-6.73434
2.26	-6.73774
2.27	-6.74106
2.28	-6.7443
2.29	-6.74747
2.3	-6.75056
2.31	-6.75357
2.32	-6.75652
2.33	-6.75939
2.34	-6.7622
2.35	-6.76494
2.36	-6.76761
2.37	-6.77022
2.38	-6.77277
2.39	-6.77525
2.4	-6.77768
2.41	-6.78005
2.42	-6.78236
2.43	-6.78461
2.44	-6.78681
2.45	-6.78896
2.46	-6.79105
2.47	-6.7931
2.48	-6.79509
2.49	-6.79704
2.5	-6.79894
2.51	-6.80079
2.52	-6.8026
2.53	-6.80437
2.54	-6.80609
2.55	-6.80777
2.56	-6.80941
2.57	-6.811
2.58	-6.81256
2.59	-6.81408
2.6	-6.81557
2.61	-6.81702
2.62	-6.81843
2.63	-6.8198
2.64	-6.82115
2.65	-6.82246
2.66	-6.82374
2.67	-6.82498
2.68	-6.8262
2.69	-6.82738
2.7	-6.82854
2.71	-6.82967
2.72	-6.83077
2.73	-6.83184
2.74	-6.83289
2.75	-6.83391
2.76	-6.8349
2.77	-6.83587
2.78	-6.83682
2.79	-6.83774
2.8	-6.83864
2.81	-6.83952
2.82	-6.84037
2.83	-6.84121
2.84	-6.84202
2.85	-6.84281
2.86	-6.84358
2.87	-6.84434
2.88	-6.84507
2.89	-6.84579
2.9	-6.84649
2.91	-6.84717
2.92	-6.84783
2.93	-6.84848
2.94	-6.84911
2.95	-6.84973
2.96	-6.85033
2.97	-6.85091
2.98	-6.85148
2.99	-6.85204
3	-6.85258
3.01	-6.85311
3.02	-6.85362
3.03	-6.85412
3.04	-6.85461
3.05	-6.85509
3.06	-6.85555
3.07	-6.85601
3.08	-6.85645
3.09	-6.85688
3.1	-6.8573
3.11	-6.85771
3.12	-6.85811
3.13	-6.85849
3.14	-6.85887
3.15	-6.85924
3.16	-6.8596
3.17	-6.85995
3.18	-6.86029
3.19	-6.86063
3.2	-6.86095
3.21	-6.86127
3.22	-6.86157
3.23	-6.86187
3.24	-6.86217
3.25	-6.86245
3.26	-6.86273
3.27	-6.863
3.28	-6.86326
3.29	-6.86352
3.3	-6.86377
3.31	-6.86402
3.32	-6.86425
3.33	-6.86449
3.34	-6.86471
3.35	-6.86493
3.36	-6.86515
3.37	-6.86536
3.38	-6.86556
3.39	-6.86576
3.4	-6.86595
3.41	-6.86614
3.42	-6.86632
3.43	-6.8665
3.44	-6.86668
3.45	-6.86685
3.46	-6.86701
3.47	-6.86717
3.48	-6.86733
3.49	-6.86748
3.5	-6.86763
3.51	-6.86778
3.52	-6.86792
3.53	-6.86806
3.54	-6.86819
3.55	-6.86832
3.56	-6.86845
3.57	-6.86857
3.58	-6.86869
3.59	-6.86881
3.6	-6.86893
3.61	-6.86904
3.62	-6.86915
3.63	-6.86925
3.64	-6.86936
3.65	-6.86946
3.66	-6.86955
3.67	-6.86965
3.68	-6.86974
3.69	-6.86983
3.7	-6.86992
3.71	-6.87001
3.72	-6.87009
3.73	-6.87017
3.74	-6.87025
3.75	-6.87033
3.76	-6.87041
3.77	-6.87048
3.78	-6.87055
3.79	-6.87062
3.8	-6.87069
3.81	-6.87075
3.82	-6.87082
3.83	-6.87088
3.84	-6.87094
3.85	-6.871
3.86	-6.87106
3.87	-6.87112
3.88	-6.87117
3.89	-6.87123
3.9	-6.87128
3.91	-6.87133
3.92	-6.87138
3.93	-6.87143
3.94	-6.87147
3.95	-6.87152
3.96	-6.87156
3.97	-6.87161
3.98	-6.87165
3.99	-6.87169
4	-6.87173
4.01	-6.87177
4.02	-6.87181
4.03	-6.87184
4.04	-6.87188
4.05	-6.87191
4.06	-6.87195
4.07	-6.87198
4.08	-6.87201
4.09	-6.87205
4.1	-6.87208
4.11	-6.87211
4.12	-6.87214
4.13	-6.87216
4.14	-6.87219
4.15	-6.87222
4.16	-6.87224
4.17	-6.87227
4.18	-6.8723
4.19	-6.87232
4.2	-6.87234
4.21	-6.87237
4.22	-6.87239
4.23	-6.87241
4.24	-6.87243
4.25	-6.87245
4.26	-6.87247
4.27	-6.87249
4.28	-6.87251
4.29	-6.87253
4.3	-6.87255
4.31	-6.87256
4.32	-6.87258
4.33	-6.8726
4.34	-6.87261
4.35	-6.87263
4.36	-6.87265
4.37	-6.87266
4.38	-6.87268
4.39	-6.87269
4.4	-6.8727
4.41	-6.87272
4.42	-6.87273
4.43	-6.87274
4.44	-6.87276
4.45	-6.87277
4.46	-6.87278
4.47	-6.87279
4.48	-6.8728
4.49	-6.87281
4.5	-6.87282
4.51	-6.87283
4.52	-6.87284
4.53	-6.87285
4.54	-6.87286
4.55	-6.87287
4.56	-6.87288
4.57	-6.87289
4.58	-6.8729
4.59	-6.87291
4.6	-6.87291
4.61	-6.87292
4.62	-6.87293
4.63	-6.87294
4.64	-6.87294
4.65	-6.87295
4.66	-6.87296
4.67	-6.87297
4.68	-6.87297
4.69	-6.87298
4.7	-6.87298
4.71	-6.87299
4.72	-6.873
4.73	-6.873
4.74	-6.87301
4.75	-6.87301
4.76	-6.87302
4.77	-6.87302
4.78	-6.87303
4.79	-6.87303
4.8	-6.87304
4.81	-6.87304
4.82	-6.87305
4.83	-6.87305
4.84	-6.87306
4.85	-6.87306
4.86	-6.87306
4.87	-6.87307
4.88	-6.87307
4.89	-6.87308
4.9	-6.87308
4.91	-6.87308
4.92	-6.87309
4.93	-6.87309
4.94	-6.87309
4.95	-6.8731
4.96	-6.8731
4.97	-6.8731
4.98	-6.8731
4.99	-6.87311
5	-6.87311
5.01	-6.87311
5.02	-6.87312
5.03	-6.87312
5.04	-6.87312
5.05	-6.87312
5.06	-6.87313
5.07	-6.87313
5.08	-6.87313
5.09	-6.87313
5.1	-6.87313
5.11	-6.87314
5.12	-6.87314
5.13	-6.87314
5.14	-6.87314
5.15	-6.87314
5.16	-6.87315
5.17	-6.87315
5.18	-6.87315
5.19	-6.87315
5.2	-6.87315
5.21	-6.87315
5.22	-6.87316
5.23	-6.87316
5.24	-6.87316
5.25	-6.87316
5.26	-6.87316
5.27	-6.87316
5.28	-6.87316
5.29	-6.87317
5.3	-6.87317
5.31	-6.87317
5.32	-6.87317
5.33	-6.87317
5.34	-6.87317
5.35	-6.87317
5.36	-6.87317
5.37	-6.87317
5.38	-6.87318
5.39	-6.87318
5.4	-6.87318
5.41	-6.87318
5.42	-6.87318
5.43	-6.87318
5.44	-6.87318
5.45	-6.87318
5.46	-6.87318
5.47	-6.87318
5.48	-6.87318
5.49	-6.87318
5.5	-6.87318
5.51	-6.87319
5.52	-6.87319
5.53	-6.87319
5.54	-6.87319
5.55	-6.87319
5.56	-6.87319
5.57	-6.87319
5.58	-6.87319
5.59	-6.87319
5.6	-6.87319
5.61	-6.87319
5.62	-6.87319
5.63	-6.87319
5.64	-6.87319
5.65	-6.87319
5.66	-6.87319
5.67	-6.87319
5.68	-6.87319
5.69	-6.8732
5.7	-6.8732
5.71	-6.8732
5.72	-6.8732
5.73	-6.8732
5.74	-6.8732
5.75	-6.8732
5.76	-6.8732
5.77	-6.8732
5.78	-6.8732
5.79	-6.8732
5.8	-6.8732
5.81	-6.8732
5.82	-6.8732
5.83	-6.8732
5.84	-6.8732
5.85	-6.8732
5.86	-6.8732
5.87	-6.8732
5.88	-6.8732
5.89	-6.8732
5.9	-6.8732
5.91	-6.8732
5.92	-6.8732
5.93	-6.8732
5.94	-6.8732
5.95	-6.8732
5.96	-6.8732
5.97	-6.8732
5.98	-6.8732
5.99	-6.8732
6	-6.8732
6.01	-6.8732
6.02	-6.8732
6.03	-6.8732
6.04	-6.8732
6.05	-6.87321
6.06	-6.87321
6.07	-6.87321
6.08	-6.87321
6.09	-6.87321
6.1	-6.87321
6.11	-6.87321
6.12	-6.87321
6.13	-6.87321
6.14	-6.87321
6.15	-6.87321
6.16	-6.87321
6.17	-6.87321
6.18	-6.87321
6.19	-6.87321
6.2	-6.87321
6.21	-6.87321
6.22	-6.87321
6.23	-6.87321
6.24	-6.87321
6.25	-6.87321
6.26	-6.87321
6.27	-6.87321
6.28	-6.87321
6.29	-6.87321
6.3	-6.87321
6.31	-6.87321
6.32	-6.87321
6.33	-6.87321
6.34	-6.87321
6.35	-6.87321
6.36	-6.87321
6.37	-6.87321
6.38	-6.87321
6.39	-6.87321
6.4	-6.87321
6.41	-6.87321
6.42	-6.87321
6.43	-6.87321
6.44	-6.87321
6.45	-6.87321
6.46	-6.87321
6.47	-6.87321
6.48	-6.87321
6.49	-6.87321
6.5	-6.87321
6.51	-6.87321
6.52	-6.87321
6.53	-6.87321
6.54	-6.87321
6.55	-6.87321
6.56	-6.87321
6.57	-6.87321
6.58	-6.87321
6.59	-6.87321
6.6	-6.87321
6.61	-6.87321
6.62	-6.87321
6.63	-6.87321
6.64	-6.87321
6.65	-6.87321
6.66	-6.87321
6.67	-6.87321
6.68	-6.87321
6.69	-6.87321
6.7	-6.87321
6.71	-6.87321
6.72	-6.87321
6.73	-6.87321
6.74	-6.87321
6.75	-6.87321
6.76	-6.87321
6.77	-6.87321
6.78	-6.87321
6.79	-6.87321
6.8	-6.87321
6.81	-6.87321
6.82	-6.87321
6.83	-6.87321
6.84	-6.87321
6.85	-6.87321
6.86	-6.87321
6.87	-6.87321
6.88	-6.87321
6.89	-6.87321
6.9	-6.87321
6.91	-6.87321
6.92	-6.87321
6.93	-6.87321
6.94	-6.87321
6.95	-6.87321
6.96	-6.87321
6.97	-6.87321
6.98	-6.87321
6.99	-6.87321
7	-6.87321
7.01	-6.87321
7.02	-6.87321
7.03	-6.87321
7.04	-6.87321
7.05	-6.87321
7.06	-6.87321
7.07	-6.87321
7.08	-6.87321
7.09	-6.87321
7.1	-6.87321
7.11	-6.87321
7.12	-6.87321
7.13	-6.87321
7.14	-6.87321
7.15	-6.87321
7.16	-6.87321
7.17	-6.87321
7.18	-6.87321
7.19	-6.87321
7.2	-6.87321
7.21	-6.87321
7.22	-6.87321
7.23	-6.87321
7.24	-6.87321
7.25	-6.87321
7.26	-6.87321
7.27	-6.87321
7.28	-6.87321
7.29	-6.87321
7.3	-6.87321
7.31	-6.87321
7.32	-6.87321
7.33	-6.87321
7.34	-6.87321
7.35	-6.87321
7.36	-6.87321
7.37	-6.87321
7.38	-6.87321
7.39	-6.87321
7.4	-6.87321
7.41	-6.87321
7.42	-6.87321
7.43	-6.87321
7.44	-6.87321
7.45	-6.87321
7.46	-6.87321
7.47	-6.87321
7.48	-6.87321
7.49	-6.87321
7.5	-6.87321
7.51	-6.87321
7.52	-6.87321
7.53	-6.87321
7.54	-6.87321
7.55	-6.87321
7.56	-6.87321
7.57	-6.87321
7.58	-6.87321
7.59	-6.87321
7.6	-6.87321
7.61	-6.87321
7.62	-6.87321
7.63	-6.87321
7.64	-6.87321
7.65	-6.87321
7.66	-6.87321
7.67	-6.87321
7.68	-6.87321
7.69	-6.87321
7.7	-6.87321
7.71	-6.87321
7.72	-6.87321
7.73	-6.87321
7.74	-6.87321
7.75	-6.87321
7.76	-6.87321
7.77	-6.87321
7.78	-6.87321
7.79	-6.87321
7.8	-6.87321
7.81	-6.87321
7.82	-6.87321
7.83	-6.87321
7.84	-6.87321
7.85	-6.87321
7.86	-6.87321
7.87	-6.87321
7.88	-6.87321
7.89	-6.87321
7.9	-6.87321
7.91	-6.87321
7.92	-6.87321
7.93	-6.87321
7.94	-6.87321
7.95	-6.87321
7.96	-6.87321
7.97	-6.87321
7.98	-6.87321
7.99	-6.87321
8	-6.87321
8.01	-6.87321
8.02	-6.87321
8.03	-6.87321
8.04	-6.87321
8.05	-6.87321
8.06	-6.87321
8.07	-6.87321
8.08	-6.87321
8.09	-6.87321
8.1	-6.87321
8.11	-6.87321
8.12	-6.87321
8.13	-6.87321
8.14	-6.87321
8.15	-6.87321
8.16	-6.87321
8.17	-6.87321
8.18	-6.87321
8.19	-6.87321
8.2	-6.87321
8.21	-6.87321
8.22	-6.87321
8.23	-6.87321
8.24	-6.87321
8.25	-6.87321
8.26	-6.87321
8.27	-6.87321
8.28	-6.87321
8.29	-6.87321
8.3	-6.87321
8.31	-6.87321
8.32	-6.87321
8.33	-6.87321
8.34	-6.87321
8.35	-6.87321
8.36	-6.87321
8.37	-6.87321
8.38	-6.87321
8.39	-6.87321
8.4	-6.87321
8.41	-6.87321
8.42	-6.87321
8.43	-6.87321
8.44	-6.87321
8.45	-6.87321
8.46	-6.87321
8.47	-6.87321
8.48	-6.87321
8.49	-6.87321
8.5	-6.87321
8.51	-6.87321
8.52	-6.87321
8.53	-6.87321
8.54	-6.87321
8.55	-6.87321
8.56	-6.87321
8.57	-6.87321
8.58	-6.87321
8.59	-6.87321
8.6	-6.87321
8.61	-6.87321
8.62	-6.87321
8.63	-6.87321
8.64	-6.87321
8.65	-6.87321
8.66	-6.87321
8.67	-6.87321
8.68	-6.87321
8.69	-6.87321
8.7	-6.87321
8.71	-6.87321
8.72	-6.87321
8.73	-6.87321
8.74	-6.87321
8.75	-6.87321
8.76	-6.87321
8.77	-6.87321
8.78	-6.87321
8.79	-6.87321
8.8	-6.87321
8.81	-6.87321
8.82	-6.87321
8.83	-6.87321
8.84	-6.87321
8.85	-6.87321
8.86	-6.87321
8.87	-6.87321
8.88	-6.87321
8.89	-6.87321
8.9	-6.87321
8.91	-6.87321
8.92	-6.87321
8.93	-6.87321
8.94	-6.87321
8.95	-6.87321
8.96	-6.87321
8.97	-6.87321
8.98	-6.87321
8.99	-6.87321
9	-6.87321
9.01	-6.87321
9.02	-6.87321
9.03	-6.87321
9.04	-6.87321
9.05	-6.87321
9.06	-6.87321
9.07	-6.87321
9.08	-6.87321
9.09	-6.87321
9.1	-6.87321
9.11	-6.87321
9.12	-6.87321
9.13	-6.87321
9.14	-6.87321
9.15	-6.87321
9.16	-6.87321
9.17	-6.87321
9.18	-6.87321
9.19	-6.87321
9.2	-6.87321
9.21	-6.87321
9.22	-6.87321
9.23	-6.87321
9.24	-6.87321
9.25	-6.87321
9.26	-6.87321
9.27	-6.87321
9.28	-6.87321
9.29	-6.87321
9.3	-6.87321
9.31	-6.87321
9.32	-6.87321
9.33	-6.87321
9.34	-6.87321
9.35	-6.87321
9.36	-6.87321
9.37	-6.87321
9.38	-6.87321
9.39	-6.87321
9.4	-6.87321
9.41	-6.87321
9.42	-6.87321
9.43	-6.87321
9.44	-6.87321
9.45	-6.87321
9.46	-6.87321
9.47	-6.87321
9.48	-6.87321
9.49	-6.87321
9.5	-6.87321
9.51	-6.87321
9.52	-6.87321
9.53	-6.87321
9.54	-6.87321
9.55	-6.87321
9.56	-6.87321
9.57	-6.87321
9.58	-6.87321
9.59	-6.87321
9.6	-6.87321
9.61	-6.87321
9.62	-6.87321
9.63	-6.87321
9.64	-6.87321
9.65	-6.87321
9.66	-6.87321
9.67	-6.87321
9.68	-6.87321
9.69	-6.87321
9.7	-6.87321
9.71	-6.87321
9.72	-6.87321
9.73	-6.87321
9.74	-6.87321
9.75	-6.87321
9.76	-6.87321
9.77	-6.87321
9.78	-6.87321
9.79	-6.87321
9.8	-6.87321
9.81	-6.87321
9.82	-6.87321
9.83	-6.87321
9.84	-6.87321
9.85	-6.87321
9.86	-6.87321
9.87	-6.87321
9.88	-6.87321
9.89	-6.87321
9.9	-6.87321
9.91	-6.87321
9.92	-6.87321
9.93	-6.87321
9.94	-6.87321
9.95	-6.87321
9.96	-6.87321
9.97	-6.87321
9.98	-6.87321
9.99	-6.87321
10	-6.87321
