0	0
0.810453	1.26221
1.62091	2.52343
2.43136	3.78366
3.24181	5.0429
4.05227	6.30116
4.86272	7.55843
5.67317	8.81472
6.48363	10.07
7.29408	11.3243
8.10453	12.5776
8.91499	13.83
9.72544	15.0813
10.5359	16.3317
11.3463	17.5811
12.1568	18.8295
12.9673	20.0769
13.7777	21.3233
14.5882	22.5687
15.3986	23.8131
16.2091	25.0566
17.0195	26.2991
17.83	27.5405
18.6404	28.781
19.4509	30.0205
20.2613	31.2591
21.0718	32.4966
21.8822	33.7331
22.6927	34.9687
23.5032	36.2033
24.3136	37.4368
25.1241	38.6694
25.9345	39.9011
26.745	41.1317
27.5554	42.3613
28.3659	43.59
29.1763	44.8176
29.9868	46.0443
30.7972	47.27
31.6077	48.4947
32.4181	49.7184
33.2286	50.9411
34.039	52.1629
34.8495	53.3836
35.66	54.6034
36.4704	55.8222
37.2809	57.04
38.0913	58.2568
38.9018	59.4726
39.7122	60.6874
40.5227	61.9012
41.3331	63.1141
42.1436	64.326
42.954	65.5369
43.7645	66.7468
44.5749	67.9557
45.3854	69.1636
46.1958	70.3705
47.0063	71.5765
47.8168	72.7814
48.6272	73.9854
49.4377	75.1884
50.2481	76.3904
51.0586	77.5914
51.869	78.7914
52.6795	79.9905
53.4899	81.1885
54.3004	82.3856
55.1108	83.5817
55.9213	84.7767
56.7317	85.9708
57.5422	87.164
58.3526	88.3561
59.1631	89.5472
59.9736	90.7374
60.784	91.9266
61.5945	93.1147
62.4049	94.3019
63.2154	95.4881
64.0258	96.6734
64.8363	97.8576
65.6467	99.0408
66.4572	100.223
67.2676	101.404
68.0781	102.585
68.8885	103.764
69.699	104.942
70.5095	106.12
71.3199	107.296
72.1304	108.471
72.9408	109.646
73.7513	110.819
74.5617	111.991
75.3722	113.163
76.1826	114.333
76.9931	115.503
77.8035	116.671
78.614	117.839
79.4244	119.005
80.2349	120.171
81.0453	121.335
81.8558	122.499
82.6663	123.661
83.4767	124.823
84.2872	125.983
85.0976	127.143
85.9081	128.301
86.7185	129.459
87.529	130.615
88.3394	131.771
89.1499	132.926
89.9603	134.079
90.7708	135.232
91.5812	136.384
92.3917	137.534
93.2021	138.684
94.0126	139.833
94.8231	140.98
95.6335	142.127
96.444	143.273
97.2544	144.418
98.0649	145.561
98.8753	146.704
99.6858	147.846
100.496	148.987
101.307	150.127
102.117	151.265
102.928	152.403
103.738	153.54
104.548	154.676
105.359	155.811
106.169	156.945
106.98	158.078
107.79	159.21
108.601	160.341
109.411	161.47
110.222	162.599
111.032	163.727
111.843	164.854
112.653	165.98
113.463	167.105
114.274	168.229
115.084	169.352
115.895	170.475
116.705	171.596
117.516	172.716
118.326	173.835
119.137	174.953
119.947	176.07
120.758	177.186
121.568	178.301
122.378	179.415
123.189	180.529
123.999	181.641
124.81	182.752
125.62	183.862
126.431	184.971
127.241	186.08
128.052	187.187
128.862	188.293
129.673	189.398
130.483	190.503
131.293	191.606
132.104	192.708
132.914	193.81
133.725	194.91
134.535	196.009
135.346	197.108
136.156	198.205
136.967	199.301
137.777	200.397
138.588	201.491
139.398	202.585
140.208	203.677
141.019	204.769
141.829	205.859
142.64	206.949
143.45	208.037
144.261	209.125
145.071	210.211
145.882	211.297
146.692	212.381
147.503	213.465
148.313	214.547
149.123	215.629
149.934	216.709
150.744	217.789
151.555	218.868
152.365	219.945
153.176	221.022
153.986	222.098
154.797	223.172
155.607	224.246
156.418	225.319
157.228	226.39
158.038	227.461
158.849	228.531
159.659	229.6
160.47	230.667
161.28	231.734
162.091	232.8
162.901	233.865
163.712	234.929
164.522	235.991
165.333	237.053
166.143	238.114
166.953	239.174
167.764	240.233
168.574	241.291
169.385	242.348
170.195	243.404
171.006	244.459
171.816	245.513
172.627	246.565
173.437	247.617
174.247	248.668
175.058	249.718
175.868	250.767
176.679	251.816
177.489	252.863
178.3	253.909
179.11	254.954
179.921	255.998
180.731	257.041
181.542	258.083
182.352	259.124
183.162	260.164
183.973	261.203
184.783	262.241
185.594	263.279
186.404	264.315
187.215	265.35
188.025	266.384
188.836	267.417
189.646	268.45
190.457	269.481
191.267	270.511
192.077	271.54
192.888	272.569
193.698	273.596
194.509	274.622
195.319	275.648
196.13	276.672
196.94	277.695
197.751	278.718
198.561	279.739
199.372	280.76
200.182	281.779
200.992	282.797
201.803	283.815
202.613	284.831
203.424	285.847
204.234	286.861
205.045	287.875
205.855	288.887
206.666	289.899
207.476	290.909
208.287	291.919
209.097	292.927
209.907	293.935
210.718	294.941
211.528	295.947
212.339	296.952
213.149	297.955
213.96	298.958
214.77	299.959
215.581	300.96
216.391	301.96
217.202	302.958
218.012	303.956
218.822	304.953
219.633	305.949
220.443	306.943
221.254	307.937
222.064	308.93
222.875	309.922
223.685	310.912
224.496	311.902
225.306	312.891
226.117	313.879
226.927	314.866
227.737	315.851
228.548	316.836
229.358	317.82
230.169	318.803
230.979	319.785
231.79	320.766
232.6	321.746
233.411	322.725
234.221	323.703
235.032	324.68
235.842	325.656
236.652	326.631
237.463	327.605
238.273	328.578
239.084	329.55
239.894	330.521
240.705	331.491
241.515	332.46
242.326	333.428
243.136	334.395
243.946	335.361
244.757	336.326
245.567	337.29
246.378	338.253
247.188	339.216
247.999	340.177
248.809	341.137
249.62	342.096
250.43	343.054
251.241	344.012
252.051	344.968
252.861	345.923
253.672	346.877
254.482	347.831
255.293	348.783
256.103	349.734
256.914	350.685
257.724	351.634
258.535	352.582
259.345	353.53
260.156	354.476
260.966	355.421
261.776	356.366
262.587	357.309
263.397	358.252
264.208	359.193
265.018	360.133
265.829	361.073
266.639	362.011
267.45	362.949
268.26	363.885
269.071	364.821
269.881	365.755
270.691	366.689
271.502	367.621
272.312	368.553
273.123	369.484
273.933	370.413
274.744	371.342
275.554	372.269
276.365	373.196
277.175	374.122
277.986	375.046
278.796	375.97
279.606	376.893
280.417	377.814
281.227	378.735
282.038	379.655
282.848	380.573
283.659	381.491
284.469	382.408
285.28	383.324
286.09	384.239
286.901	385.152
287.711	386.065
288.521	386.977
289.332	387.888
290.142	388.798
290.953	389.707
291.763	390.614
292.574	391.521
293.384	392.427
294.195	393.332
295.005	394.236
295.816	395.139
296.626	396.041
297.436	396.942
298.247	397.842
299.057	398.741
299.868	399.639
300.678	400.536
301.489	401.432
302.299	402.327
303.11	403.221
303.92	404.114
304.731	405.006
305.541	405.897
306.351	406.787
307.162	407.676
307.972	408.565
308.783	409.452
309.593	410.338
310.404	411.223
311.214	412.107
312.025	412.99
312.835	413.873
313.645	414.754
314.456	415.634
315.266	416.513
316.077	417.392
316.887	418.269
317.698	419.145
318.508	420.021
319.319	420.895
320.129	421.768
320.94	422.64
321.75	423.512
322.56	424.382
323.371	425.252
324.181	426.12
324.992	426.987
325.802	427.854
326.613	428.719
327.423	429.584
328.234	430.447
329.044	431.31
329.855	432.171
330.665	433.032
331.475	433.891
332.286	434.75
333.096	435.607
333.907	436.464
334.717	437.319
335.528	438.174
336.338	439.027
337.149	439.88
337.959	440.732
338.77	441.582
339.58	442.432
340.39	443.281
341.201	444.128
342.011	444.975
342.822	445.821
343.632	446.665
344.443	447.509
345.253	448.352
346.064	449.194
346.874	450.034
347.685	450.874
348.495	451.713
349.305	452.551
350.116	453.387
350.926	454.223
351.737	455.058
352.547	455.892
353.358	456.725
354.168	457.557
354.979	458.388
355.789	459.217
356.6	460.046
357.41	460.874
358.22	461.701
359.031	462.527
359.841	463.352
360.652	464.176
361.462	464.999
362.273	465.821
363.083	466.642
363.894	467.462
364.704	468.281
365.515	469.099
366.325	469.916
367.135	470.732
367.946	471.548
368.756	472.362
369.567	473.175
370.377	473.987
371.188	474.798
371.998	475.608
372.809	476.417
373.619	477.226
374.429	478.033
375.24	478.839
376.05	479.644
376.861	480.448
377.671	481.252
378.482	482.054
379.292	482.855
380.103	483.656
380.913	484.455
381.724	485.253
382.534	486.05
383.344	486.847
384.155	487.642
384.965	488.437
385.776	489.23
386.586	490.022
387.397	490.814
388.207	491.604
389.018	492.394
389.828	493.182
390.639	493.969
391.449	494.756
392.259	495.541
393.07	496.326
393.88	497.109
394.691	497.892
395.501	498.674
396.312	499.454
397.122	500.234
397.933	501.012
398.743	501.79
399.554	502.566
400.364	503.342
401.174	504.117
401.985	504.89
402.795	505.663
403.606	506.435
404.416	507.205
405.227	507.975
406.037	508.744
406.848	509.511
407.658	510.278
408.469	511.044
409.279	511.809
410.089	512.572
410.9	513.335
411.71	514.097
412.521	514.858
413.331	515.618
414.142	516.376
414.952	517.134
415.763	517.891
416.573	518.647
417.384	519.402
418.194	520.156
419.004	520.909
419.815	521.661
420.625	522.412
421.436	523.162
422.246	523.911
423.057	524.659
423.867	525.406
424.678	526.152
425.488	526.897
426.299	527.641
427.109	528.384
427.919	529.126
428.73	529.867
429.54	530.607
430.351	531.346
431.161	532.084
431.972	532.821
432.782	533.557
433.593	534.292
434.403	535.027
435.214	535.76
436.024	536.492
436.834	537.223
437.645	537.953
438.455	538.683
439.266	539.411
440.076	540.138
440.887	540.864
441.697	541.59
442.508	542.314
443.318	543.037
444.128	543.76
444.939	544.481
445.749	545.201
446.56	545.921
447.37	546.639
448.181	547.356
448.991	548.073
449.802	548.788
450.612	549.503
451.423	550.216
452.233	550.928
453.043	551.64
453.854	552.35
454.664	553.06
455.475	553.768
456.285	554.476
457.096	555.182
457.906	555.888
458.717	556.593
459.527	557.296
460.338	557.999
461.148	558.7
461.958	559.401
462.769	560.1
463.579	560.799
464.39	561.497
465.2	562.193
466.011	562.889
466.821	563.584
467.632	564.277
468.442	564.97
469.253	565.662
470.063	566.353
470.873	567.042
471.684	567.731
472.494	568.419
473.305	569.106
474.115	569.791
474.926	570.476
475.736	571.16
476.547	571.843
477.357	572.525
478.168	573.206
478.978	573.886
479.788	574.564
480.599	575.242
481.409	575.919
482.22	576.595
483.03	577.27
483.841	577.944
484.651	578.617
485.462	579.289
486.272	579.96
487.083	580.63
487.893	581.299
488.703	581.967
489.514	582.634
490.324	583.3
491.135	583.965
491.945	584.629
492.756	585.292
493.566	585.955
494.377	586.616
495.187	587.276
495.998	587.935
496.808	588.593
497.618	589.25
498.429	589.906
499.239	590.562
500.05	591.216
500.86	591.869
501.671	592.521
502.481	593.173
503.292	593.823
504.102	594.472
504.913	595.12
505.723	595.768
506.533	596.414
507.344	597.059
508.154	597.704
508.965	598.347
509.775	598.989
510.586	599.631
511.396	600.271
512.207	600.911
513.017	601.549
513.827	602.186
514.638	602.823
515.448	603.458
516.259	604.093
517.069	604.726
517.88	605.359
518.69	605.99
519.501	606.621
520.311	607.25
521.122	607.879
521.932	608.507
522.742	609.133
523.553	609.759
524.363	610.383
525.174	611.007
525.984	611.63
526.795	612.251
527.605	612.872
528.416	613.492
529.226	614.11
530.037	614.728
530.847	615.345
531.657	615.96
532.468	616.575
533.278	617.189
534.089	617.802
534.899	618.413
535.71	619.024
536.52	619.634
537.331	620.243
538.141	620.851
538.952	621.457
539.762	622.063
540.572	622.668
541.383	623.272
542.193	623.875
543.004	624.477
543.814	625.078
544.625	625.678
545.435	626.277
546.246	626.875
547.056	627.472
547.867	628.068
548.677	628.663
549.487	629.257
550.298	629.85
551.108	630.442
551.919	631.033
552.729	631.623
553.54	632.212
554.35	632.8
555.161	633.387
555.971	633.973
556.782	634.558
557.592	635.142
558.402	635.725
559.213	636.308
560.023	636.889
560.834	637.469
561.644	638.048
562.455	638.626
563.265	639.204
564.076	639.78
564.886	640.355
565.697	640.929
566.507	641.503
567.317	642.075
568.128	642.646
568.938	643.217
569.749	643.786
570.559	644.354
571.37	644.922
572.18	645.488
572.991	646.053
573.801	646.618
574.612	647.181
575.422	647.744
576.232	648.305
577.043	648.866
577.853	649.425
578.664	649.983
579.474	650.541
580.285	651.097
581.095	651.653
581.906	652.207
582.716	652.761
583.526	653.314
584.337	653.865
585.147	654.416
585.958	654.965
586.768	655.514
587.579	656.062
588.389	656.608
589.2	657.154
590.01	657.698
590.821	658.242
591.631	658.785
592.441	659.327
593.252	659.867
594.062	660.407
594.873	660.946
595.683	661.483
596.494	662.02
597.304	662.556
598.115	663.091
598.925	663.625
599.736	664.157
600.546	664.689
601.356	665.22
602.167	665.75
602.977	666.279
603.788	666.807
604.598	667.334
605.409	667.859
606.219	668.384
607.03	668.908
607.84	669.431
608.651	669.953
609.461	670.474
610.271	670.994
611.082	671.513
611.892	672.031
612.703	672.548
613.513	673.064
614.324	673.579
615.134	674.093
615.945	674.606
616.755	675.118
617.566	675.63
618.376	676.14
619.186	676.649
619.997	677.157
620.807	677.664
621.618	678.17
622.428	678.675
623.239	679.18
624.049	679.683
624.86	680.185
625.67	680.686
626.481	681.187
627.291	681.686
628.101	682.184
628.912	682.681
629.722	683.178
630.533	683.673
631.343	684.167
632.154	684.661
632.964	685.153
633.775	685.644
634.585	686.135
635.396	686.624
636.206	687.112
637.016	687.6
637.827	688.086
638.637	688.572
639.448	689.056
640.258	689.54
641.069	690.022
641.879	690.504
642.69	690.984
643.5	691.464
644.31	691.942
645.121	692.42
645.931	692.896
646.742	693.372
647.552	693.846
648.363	694.32
649.173	694.793
649.984	695.264
650.794	695.735
651.605	696.204
652.415	696.673
653.225	697.141
654.036	697.608
654.846	698.073
655.657	698.538
656.467	699.002
657.278	699.464
658.088	699.926
658.899	700.387
659.709	700.847
660.52	701.305
661.33	701.763
662.14	702.22
662.951	702.676
663.761	703.131
664.572	703.585
665.382	704.037
666.193	704.489
667.003	704.94
667.814	705.39
668.624	705.839
669.435	706.287
670.245	706.734
671.055	707.18
671.866	707.625
672.676	708.069
673.487	708.512
674.297	708.954
675.108	709.395
675.918	709.835
676.729	710.274
677.539	710.712
678.35	711.149
679.16	711.585
679.97	712.02
680.781	712.454
681.591	712.888
682.402	713.32
683.212	713.751
684.023	714.181
684.833	714.61
685.644	715.038
686.454	715.466
687.265	715.892
688.075	716.317
688.885	716.741
689.696	717.164
690.506	717.587
691.317	718.008
692.127	718.428
692.938	718.848
693.748	719.266
694.559	719.683
695.369	720.1
696.18	720.515
696.99	720.929
697.8	721.343
698.611	721.755
699.421	722.167
700.232	722.577
701.042	722.986
701.853	723.395
702.663	723.802
703.474	724.209
704.284	724.614
705.095	725.019
705.905	725.422
706.715	725.825
707.526	726.226
708.336	726.627
709.147	727.027
709.957	727.425
710.768	727.823
711.578	728.219
712.389	728.615
713.199	729.01
714.009	729.403
714.82	729.796
715.63	730.188
716.441	730.578
717.251	730.968
718.062	731.357
718.872	731.744
719.683	732.131
720.493	732.517
721.304	732.902
722.114	733.285
722.924	733.668
723.735	734.05
724.545	734.431
725.356	734.811
726.166	735.189
726.977	735.567
727.787	735.944
728.598	736.32
729.408	736.695
730.219	737.069
731.029	737.442
731.839	737.814
732.65	738.185
733.46	738.555
734.271	738.924
735.081	739.292
735.892	739.659
736.702	740.025
737.513	740.39
738.323	740.754
739.134	741.117
739.944	741.479
740.754	741.84
741.565	742.2
742.375	742.559
743.186	742.917
743.996	743.274
744.807	743.63
745.617	743.986
746.428	744.34
747.238	744.693
748.049	745.045
748.859	745.396
749.669	745.747
750.48	746.096
751.29	746.444
752.101	746.791
752.911	747.138
753.722	747.483
754.532	747.827
755.343	748.17
756.153	748.513
756.964	748.854
757.774	749.194
758.584	749.534
759.395	749.872
760.205	750.21
761.016	750.546
761.826	750.881
762.637	751.216
763.447	751.549
764.258	751.882
765.068	752.213
765.879	752.544
766.689	752.873
767.499	753.202
768.31	753.529
769.12	753.856
769.931	754.181
770.741	754.506
771.552	754.829
772.362	755.152
773.173	755.474
773.983	755.794
774.794	756.114
775.604	756.432
776.414	756.75
777.225	757.067
778.035	757.382
778.846	757.697
779.656	758.011
780.467	758.323
781.277	758.635
782.088	758.946
782.898	759.256
783.708	759.564
784.519	759.872
785.329	760.179
786.14	760.485
786.95	760.79
787.761	761.093
788.571	761.396
789.382	761.698
790.192	761.999
791.003	762.299
791.813	762.598
792.623	762.896
793.434	763.193
794.244	763.489
795.055	763.784
795.865	764.077
796.676	764.37
797.486	764.662
798.297	764.953
799.107	765.243
799.918	765.532
800.728	765.821
801.538	766.108
802.349	766.394
803.159	766.679
803.97	766.963
804.78	767.246
805.591	767.528
806.401	767.809
807.212	768.089
808.022	768.368
808.833	768.647
809.643	768.924
810.453	769.2
811.264	769.475
812.074	769.749
812.885	770.023
813.695	770.295
814.506	770.566
815.316	770.836
816.127	771.106
816.937	771.374
817.748	771.641
818.558	771.908
819.368	772.173
820.179	772.437
820.989	772.701
821.8	772.963
822.61	773.224
823.421	773.485
824.231	773.744
825.042	774.003
825.852	774.26
826.663	774.517
827.473	774.772
828.283	775.027
829.094	775.28
829.904	775.533
830.715	775.784
831.525	776.035
832.336	776.284
833.146	776.533
833.957	776.78
834.767	777.027
835.578	777.272
836.388	777.517
837.198	777.761
838.009	778.003
838.819	778.245
839.63	778.486
840.44	778.725
841.251	778.964
842.061	779.202
842.872	779.438
843.682	779.674
844.493	779.909
845.303	780.143
846.113	780.375
846.924	780.607
847.734	780.838
848.545	781.068
849.355	781.297
850.166	781.524
850.976	781.751
851.787	781.977
852.597	782.202
853.407	782.426
854.218	782.649
855.028	782.871
855.839	783.092
856.649	783.311
857.46	783.53
858.27	783.748
859.081	783.965
859.891	784.181
860.702	784.396
861.512	784.61
862.322	784.823
863.133	785.035
863.943	785.246
864.754	785.457
865.564	785.666
866.375	785.874
867.185	786.081
867.996	786.287
868.806	786.492
869.617	786.696
870.427	786.899
871.237	787.102
872.048	787.303
872.858	787.503
873.669	787.702
874.479	787.9
875.29	788.098
876.1	788.294
876.911	788.489
877.721	788.683
878.532	788.877
879.342	789.069
880.152	789.26
880.963	789.451
881.773	789.64
882.584	789.828
883.394	790.016
884.205	790.202
885.015	790.387
885.826	790.572
886.636	790.755
887.447	790.938
888.257	791.119
889.067	791.3
889.878	791.479
890.688	791.657
891.499	791.835
892.309	792.011
893.12	792.187
893.93	792.362
894.741	792.535
895.551	792.708
896.362	792.879
897.172	793.05
897.982	793.219
898.793	793.388
899.603	793.556
900.414	793.722
901.224	793.888
902.035	794.053
902.845	794.216
903.656	794.379
904.466	794.541
905.277	794.701
906.087	794.861
906.897	795.02
907.708	795.178
908.518	795.334
909.329	795.49
910.139	795.645
910.95	795.799
911.76	795.952
912.571	796.103
913.381	796.254
914.192	796.404
915.002	796.553
915.812	796.701
916.623	796.848
917.433	796.994
918.244	797.139
919.054	797.282
919.865	797.425
920.675	797.567
921.486	797.708
922.296	797.848
923.106	797.987
923.917	798.125
924.727	798.262
925.538	798.398
926.348	798.533
927.159	798.668
927.969	798.801
928.78	798.933
929.59	799.064
930.401	799.194
931.211	799.323
932.021	799.451
932.832	799.578
933.642	799.705
934.453	799.83
935.263	799.954
936.074	800.077
936.884	800.199
937.695	800.321
938.505	800.441
939.316	800.56
940.126	800.678
940.936	800.796
941.747	800.912
942.557	801.027
943.368	801.142
944.178	801.255
944.989	801.367
945.799	801.479
946.61	801.589
947.42	801.698
948.231	801.807
949.041	801.914
949.851	802.021
950.662	802.126
951.472	802.231
952.283	802.334
953.093	802.437
953.904	802.538
954.714	802.639
955.525	802.738
956.335	802.837
957.146	802.934
957.956	803.031
958.766	803.126
959.577	803.221
960.387	803.314
961.198	803.407
962.008	803.499
962.819	803.589
963.629	803.679
964.44	803.768
965.25	803.855
966.061	803.942
966.871	804.028
967.681	804.112
968.492	804.196
969.302	804.279
970.113	804.361
970.923	804.441
971.734	804.521
972.544	804.6
973.355	804.678
974.165	804.755
974.976	804.83
975.786	804.905
976.596	804.979
977.407	805.052
978.217	805.124
979.028	805.195
979.838	805.265
980.649	805.334
981.459	805.402
982.27	805.469
983.08	805.534
983.89	805.599
984.701	805.663
985.511	805.726
986.322	805.788
987.132	805.849
987.943	805.91
988.753	805.969
989.564	806.027
990.374	806.084
991.185	806.14
991.995	806.195
992.805	806.249
993.616	806.302
994.426	806.354
995.237	806.405
996.047	806.456
996.858	806.505
997.668	806.553
998.479	806.6
999.289	806.646
1000.1	806.692
1000.91	806.736
1001.72	806.779
1002.53	806.821
1003.34	806.863
1004.15	806.903
1004.96	806.942
1005.77	806.981
1006.58	807.018
1007.39	807.054
1008.2	807.09
1009.01	807.124
1009.83	807.158
1010.64	807.19
1011.45	807.221
1012.26	807.252
1013.07	807.281
1013.88	807.31
1014.69	807.337
1015.5	807.364
1016.31	807.389
1017.12	807.414
1017.93	807.437
1018.74	807.46
1019.55	807.481
1020.36	807.502
1021.17	807.521
1021.98	807.54
1022.79	807.558
1023.6	807.574
1024.41	807.59
1025.22	807.604
1026.03	807.618
1026.84	807.631
1027.65	807.642
1028.47	807.653
1029.28	807.663
1030.09	807.672
1030.9	807.679
1031.71	807.686
1032.52	807.692
1033.33	807.697
1034.14	807.7
1034.95	807.703
1035.76	807.705
1036.57	807.706
1037.38	807.706
1038.19	807.704
1039	807.702
1039.81	807.699
1040.62	807.695
1041.43	807.69
1042.24	807.684
1043.05	807.677
1043.86	807.669
1044.67	807.66
1045.48	807.65
1046.3	807.639
1047.11	807.627
1047.92	807.614
1048.73	807.6
1049.54	807.585
1050.35	807.569
1051.16	807.552
1051.97	807.534
1052.78	807.515
1053.59	807.495
1054.4	807.474
1055.21	807.452
1056.02	807.429
1056.83	807.405
1057.64	807.381
1058.45	807.355
1059.26	807.328
1060.07	807.3
1060.88	807.271
1061.69	807.242
1062.5	807.211
1063.31	807.179
1064.13	807.146
1064.94	807.113
1065.75	807.078
1066.56	807.042
1067.37	807.006
1068.18	806.968
1068.99	806.929
1069.8	806.89
1070.61	806.849
1071.42	806.807
1072.23	806.765
1073.04	806.721
1073.85	806.677
1074.66	806.631
1075.47	806.584
1076.28	806.537
1077.09	806.488
1077.9	806.439
1078.71	806.388
1079.52	806.337
1080.33	806.284
1081.14	806.231
1081.96	806.176
1082.77	806.121
1083.58	806.065
1084.39	806.007
1085.2	805.949
1086.01	805.889
1086.82	805.829
1087.63	805.768
1088.44	805.705
1089.25	805.642
1090.06	805.578
1090.87	805.512
1091.68	805.446
1092.49	805.379
1093.3	805.31
1094.11	805.241
1094.92	805.171
1095.73	805.1
1096.54	805.028
1097.35	804.954
1098.16	804.88
1098.97	804.805
1099.79	804.729
1100.6	804.652
1101.41	804.573
1102.22	804.494
1103.03	804.414
1103.84	804.333
1104.65	804.251
1105.46	804.168
1106.27	804.084
1107.08	803.999
1107.89	803.913
1108.7	803.826
1109.51	803.738
1110.32	803.649
1111.13	803.559
1111.94	803.468
1112.75	803.376
1113.56	803.283
1114.37	803.189
1115.18	803.094
1115.99	802.998
1116.8	802.901
1117.62	802.803
1118.43	802.705
1119.24	802.605
1120.05	802.504
1120.86	802.402
1121.67	802.299
1122.48	802.195
1123.29	802.091
1124.1	801.985
1124.91	801.878
1125.72	801.77
1126.53	801.662
1127.34	801.552
1128.15	801.441
1128.96	801.329
1129.77	801.217
1130.58	801.103
1131.39	800.988
1132.2	800.873
1133.01	800.756
1133.82	800.639
1134.63	800.52
1135.45	800.4
1136.26	800.28
1137.07	800.158
1137.88	800.036
1138.69	799.912
1139.5	799.788
1140.31	799.662
1141.12	799.536
1141.93	799.408
1142.74	799.28
1143.55	799.15
1144.36	799.02
1145.17	798.888
1145.98	798.756
1146.79	798.622
1147.6	798.488
1148.41	798.353
1149.22	798.216
1150.03	798.079
1150.84	797.941
1151.65	797.801
1152.46	797.661
1153.28	797.52
1154.09	797.377
1154.9	797.234
1155.71	797.09
1156.52	796.945
1157.33	796.798
1158.14	796.651
1158.95	796.503
1159.76	796.354
1160.57	796.203
1161.38	796.052
1162.19	795.9
1163	795.747
1163.81	795.593
1164.62	795.438
1165.43	795.282
1166.24	795.124
1167.05	794.966
1167.86	794.807
1168.67	794.647
1169.48	794.486
1170.29	794.324
1171.11	794.161
1171.92	793.997
1172.73	793.832
1173.54	793.666
1174.35	793.499
1175.16	793.331
1175.97	793.162
1176.78	792.992
1177.59	792.821
1178.4	792.65
1179.21	792.477
1180.02	792.303
1180.83	792.128
1181.64	791.952
1182.45	791.775
1183.26	791.597
1184.07	791.419
1184.88	791.239
1185.69	791.058
1186.5	790.876
1187.31	790.693
1188.12	790.51
1188.94	790.325
1189.75	790.139
1190.56	789.953
1191.37	789.765
1192.18	789.576
1192.99	789.386
1193.8	789.196
1194.61	789.004
1195.42	788.812
1196.23	788.618
1197.04	788.423
1197.85	788.228
1198.66	788.031
1199.47	787.834
1200.28	787.635
1201.09	787.435
1201.9	787.235
1202.71	787.033
1203.52	786.831
1204.33	786.627
1205.14	786.423
1205.95	786.218
1206.77	786.011
1207.58	785.804
1208.39	785.595
1209.2	785.386
1210.01	785.175
1210.82	784.964
1211.63	784.752
1212.44	784.538
1213.25	784.324
1214.06	784.109
1214.87	783.892
1215.68	783.675
1216.49	783.457
1217.3	783.237
1218.11	783.017
1218.92	782.796
1219.73	782.574
1220.54	782.35
1221.35	782.126
1222.16	781.901
1222.97	781.675
1223.78	781.448
1224.6	781.219
1225.41	780.99
1226.22	780.76
1227.03	780.529
1227.84	780.297
1228.65	780.064
1229.46	779.83
1230.27	779.595
1231.08	779.359
1231.89	779.122
1232.7	778.884
1233.51	778.645
1234.32	778.405
1235.13	778.164
1235.94	777.922
1236.75	777.679
1237.56	777.435
1238.37	777.19
1239.18	776.944
1239.99	776.697
1240.8	776.449
1241.61	776.2
1242.43	775.95
1243.24	775.699
1244.05	775.447
1244.86	775.195
1245.67	774.941
1246.48	774.686
1247.29	774.43
1248.1	774.173
1248.91	773.916
1249.72	773.657
1250.53	773.397
1251.34	773.136
1252.15	772.875
1252.96	772.612
1253.77	772.348
1254.58	772.084
1255.39	771.818
1256.2	771.551
1257.01	771.284
1257.82	771.015
1258.63	770.745
1259.44	770.475
1260.26	770.203
1261.07	769.931
1261.88	769.657
1262.69	769.382
1263.5	769.107
1264.31	768.83
1265.12	768.553
1265.93	768.274
1266.74	767.995
1267.55	767.714
1268.36	767.433
1269.17	767.15
1269.98	766.867
1270.79	766.583
1271.6	766.297
1272.41	766.011
1273.22	765.723
1274.03	765.435
1274.84	765.146
1275.65	764.855
1276.46	764.564
1277.27	764.272
1278.09	763.978
1278.9	763.684
1279.71	763.389
1280.52	763.093
1281.33	762.795
1282.14	762.497
1282.95	762.198
1283.76	761.898
1284.57	761.596
1285.38	761.294
1286.19	760.991
1287	760.687
1287.81	760.382
1288.62	760.076
1289.43	759.768
1290.24	759.46
1291.05	759.151
1291.86	758.841
1292.67	758.53
1293.48	758.218
1294.29	757.905
1295.1	757.591
1295.92	757.276
1296.73	756.96
1297.54	756.643
1298.35	756.325
1299.16	756.006
1299.97	755.686
1300.78	755.365
1301.59	755.043
1302.4	754.72
1303.21	754.396
1304.02	754.071
1304.83	753.746
1305.64	753.419
1306.45	753.091
1307.26	752.762
1308.07	752.432
1308.88	752.101
1309.69	751.77
1310.5	751.437
1311.31	751.103
1312.12	750.768
1312.93	750.433
1313.75	750.096
1314.56	749.758
1315.37	749.419
1316.18	749.08
1316.99	748.739
1317.8	748.397
1318.61	748.055
1319.42	747.711
1320.23	747.366
1321.04	747.021
1321.85	746.674
1322.66	746.327
1323.47	745.978
1324.28	745.628
1325.09	745.278
1325.9	744.926
1326.71	744.574
1327.52	744.22
1328.33	743.866
1329.14	743.51
1329.95	743.154
1330.76	742.796
1331.58	742.438
1332.39	742.079
1333.2	741.718
1334.01	741.357
1334.82	740.994
1335.63	740.631
1336.44	740.267
1337.25	739.901
1338.06	739.535
1338.87	739.168
1339.68	738.799
1340.49	738.43
1341.3	738.06
1342.11	737.688
1342.92	737.316
1343.73	736.943
1344.54	736.569
1345.35	736.193
1346.16	735.817
1346.97	735.44
1347.78	735.062
1348.59	734.683
1349.41	734.302
1350.22	733.921
1351.03	733.539
1351.84	733.156
1352.65	732.772
1353.46	732.387
1354.27	732.001
1355.08	731.614
1355.89	731.226
1356.7	730.837
1357.51	730.447
1358.32	730.056
1359.13	729.664
1359.94	729.271
1360.75	728.877
1361.56	728.482
1362.37	728.086
1363.18	727.689
1363.99	727.291
1364.8	726.892
1365.61	726.492
1366.42	726.091
1367.23	725.689
1368.05	725.286
1368.86	724.882
1369.67	724.478
1370.48	724.072
1371.29	723.665
1372.1	723.257
1372.91	722.848
1373.72	722.439
1374.53	722.028
1375.34	721.616
1376.15	721.203
1376.96	720.79
1377.77	720.375
1378.58	719.959
1379.39	719.543
1380.2	719.125
1381.01	718.706
1381.82	718.287
1382.63	717.866
1383.44	717.444
1384.25	717.022
1385.06	716.598
1385.88	716.174
1386.69	715.748
1387.5	715.321
1388.31	714.894
1389.12	714.465
1389.93	714.036
1390.74	713.605
1391.55	713.174
1392.36	712.741
1393.17	712.308
1393.98	711.874
1394.79	711.438
1395.6	711.002
1396.41	710.564
1397.22	710.126
1398.03	709.687
1398.84	709.246
1399.65	708.805
1400.46	708.362
1401.27	707.919
1402.08	707.475
1402.89	707.03
1403.71	706.583
1404.52	706.136
1405.33	705.688
1406.14	705.238
1406.95	704.788
1407.76	704.337
1408.57	703.885
1409.38	703.432
1410.19	702.977
1411	702.522
1411.81	702.066
1412.62	701.609
1413.43	701.151
1414.24	700.692
1415.05	700.232
1415.86	699.77
1416.67	699.308
1417.48	698.845
1418.29	698.381
1419.1	697.916
1419.91	697.45
1420.72	696.983
1421.54	696.515
1422.35	696.046
1423.16	695.576
1423.97	695.105
1424.78	694.633
1425.59	694.16
1426.4	693.686
1427.21	693.211
1428.02	692.736
1428.83	692.259
1429.64	691.781
1430.45	691.302
1431.26	690.822
1432.07	690.341
1432.88	689.859
1433.69	689.377
1434.5	688.893
1435.31	688.408
1436.12	687.922
1436.93	687.435
1437.74	686.948
1438.55	686.459
1439.37	685.969
1440.18	685.479
1440.99	684.987
1441.8	684.494
1442.61	684.001
1443.42	683.506
1444.23	683.01
1445.04	682.514
1445.85	682.016
1446.66	681.517
1447.47	681.018
1448.28	680.517
1449.09	680.016
1449.9	679.513
1450.71	679.01
1451.52	678.505
1452.33	678
1453.14	677.493
1453.95	676.986
1454.76	676.477
1455.57	675.968
1456.38	675.457
1457.2	674.946
1458.01	674.433
1458.82	673.92
1459.63	673.406
1460.44	672.89
1461.25	672.374
1462.06	671.856
1462.87	671.338
1463.68	670.819
1464.49	670.298
1465.3	669.777
1466.11	669.255
1466.92	668.732
1467.73	668.207
1468.54	667.682
1469.35	667.156
1470.16	666.629
1470.97	666.1
1471.78	665.571
1472.59	665.041
1473.4	664.51
1474.21	663.978
1475.03	663.445
1475.84	662.91
1476.65	662.375
1477.46	661.839
1478.27	661.302
1479.08	660.764
1479.89	660.225
1480.7	659.685
1481.51	659.144
1482.32	658.602
1483.13	658.059
1483.94	657.515
1484.75	656.97
1485.56	656.424
1486.37	655.877
1487.18	655.329
1487.99	654.78
1488.8	654.23
1489.61	653.679
1490.42	653.127
1491.23	652.574
1492.04	652.02
1492.86	651.466
1493.67	650.91
1494.48	650.353
1495.29	649.795
1496.1	649.236
1496.91	648.677
1497.72	648.116
1498.53	647.554
1499.34	646.991
1500.15	646.427
1500.96	645.863
1501.77	645.297
1502.58	644.73
1503.39	644.163
1504.2	643.594
1505.01	643.024
1505.82	642.454
1506.63	641.882
1507.44	641.309
1508.25	640.736
1509.06	640.161
1509.87	639.586
1510.69	639.009
1511.5	638.431
1512.31	637.853
1513.12	637.273
1513.93	636.693
1514.74	636.111
1515.55	635.529
1516.36	634.945
1517.17	634.361
1517.98	633.775
1518.79	633.189
1519.6	632.602
1520.41	632.013
1521.22	631.424
1522.03	630.833
1522.84	630.242
1523.65	629.65
1524.46	629.056
1525.27	628.462
1526.08	627.867
1526.89	627.27
1527.7	626.673
1528.52	626.075
1529.33	625.475
1530.14	624.875
1530.95	624.274
1531.76	623.672
1532.57	623.068
1533.38	622.464
1534.19	621.859
1535	621.253
1535.81	620.646
1536.62	620.037
1537.43	619.428
1538.24	618.818
1539.05	618.207
1539.86	617.595
1540.67	616.982
1541.48	616.368
1542.29	615.753
1543.1	615.137
1543.91	614.52
1544.72	613.902
1545.53	613.283
1546.35	612.663
1547.16	612.042
1547.97	611.42
1548.78	610.797
1549.59	610.173
1550.4	609.548
1551.21	608.922
1552.02	608.295
1552.83	607.667
1553.64	607.038
1554.45	606.408
1555.26	605.777
1556.07	605.146
1556.88	604.513
1557.69	603.879
1558.5	603.244
1559.31	602.608
1560.12	601.972
1560.93	601.334
1561.74	600.695
1562.55	600.055
1563.36	599.415
1564.18	598.773
1564.99	598.13
1565.8	597.486
1566.61	596.842
1567.42	596.196
1568.23	595.549
1569.04	594.902
1569.85	594.253
1570.66	593.604
1571.47	592.953
1572.28	592.301
1573.09	591.649
1573.9	590.995
1574.71	590.341
1575.52	589.685
1576.33	589.029
1577.14	588.371
1577.95	587.713
1578.76	587.053
1579.57	586.393
1580.38	585.731
1581.19	585.069
1582.01	584.405
1582.82	583.741
1583.63	583.076
1584.44	582.409
1585.25	581.742
1586.06	581.073
1586.87	580.404
1587.68	579.734
1588.49	579.062
1589.3	578.39
1590.11	577.717
1590.92	577.042
1591.73	576.367
1592.54	575.691
1593.35	575.014
1594.16	574.335
1594.97	573.656
1595.78	572.976
1596.59	572.295
1597.4	571.613
1598.21	570.929
1599.02	570.245
1599.84	569.56
1600.65	568.874
1601.46	568.187
1602.27	567.499
1603.08	566.81
1603.89	566.12
1604.7	565.429
1605.51	564.737
1606.32	564.043
1607.13	563.349
1607.94	562.654
1608.75	561.958
1609.56	561.261
1610.37	560.563
1611.18	559.864
1611.99	559.165
1612.8	558.464
1613.61	557.762
1614.42	557.059
1615.23	556.355
1616.04	555.65
1616.85	554.944
1617.67	554.237
1618.48	553.529
1619.29	552.821
1620.1	552.111
1620.91	551.4
1621.72	550.688
1622.53	549.975
1623.34	549.262
1624.15	548.547
1624.96	547.831
1625.77	547.114
1626.58	546.397
1627.39	545.678
1628.2	544.958
1629.01	544.238
1629.82	543.516
1630.63	542.793
1631.44	542.07
1632.25	541.345
1633.06	540.619
1633.87	539.893
1634.68	539.165
1635.5	538.437
1636.31	537.707
1637.12	536.977
1637.93	536.245
1638.74	535.512
1639.55	534.779
1640.36	534.044
1641.17	533.309
1641.98	532.573
1642.79	531.835
1643.6	531.097
1644.41	530.357
1645.22	529.617
1646.03	528.875
1646.84	528.133
1647.65	527.39
1648.46	526.645
1649.27	525.9
1650.08	525.154
1650.89	524.406
1651.7	523.658
1652.51	522.909
1653.33	522.158
1654.14	521.407
1654.95	520.655
1655.76	519.902
1656.57	519.147
1657.38	518.392
1658.19	517.636
1659	516.879
1659.81	516.121
1660.62	515.361
1661.43	514.601
1662.24	513.84
1663.05	513.078
1663.86	512.315
1664.67	511.551
1665.48	510.786
1666.29	510.02
1667.1	509.252
1667.91	508.484
1668.72	507.715
1669.53	506.945
1670.34	506.174
1671.16	505.402
1671.97	504.629
1672.78	503.855
1673.59	503.08
1674.4	502.304
1675.21	501.528
1676.02	500.75
1676.83	499.971
1677.64	499.191
1678.45	498.41
1679.26	497.628
1680.07	496.845
1680.88	496.061
1681.69	495.277
1682.5	494.491
1683.31	493.704
1684.12	492.916
1684.93	492.127
1685.74	491.338
1686.55	490.547
1687.36	489.755
1688.17	488.962
1688.99	488.169
1689.8	487.374
1690.61	486.578
1691.42	485.782
1692.23	484.984
1693.04	484.185
1693.85	483.386
1694.66	482.585
1695.47	481.783
1696.28	480.981
1697.09	480.177
1697.9	479.373
1698.71	478.567
1699.52	477.761
1700.33	476.953
1701.14	476.144
1701.95	475.335
1702.76	474.524
1703.57	473.713
1704.38	472.901
1705.19	472.087
1706	471.273
1706.81	470.457
1707.63	469.641
1708.44	468.823
1709.25	468.005
1710.06	467.186
1710.87	466.365
1711.68	465.544
1712.49	464.722
1713.3	463.898
1714.11	463.074
1714.92	462.249
1715.73	461.422
1716.54	460.595
1717.35	459.767
1718.16	458.938
1718.97	458.107
1719.78	457.276
1720.59	456.444
1721.4	455.611
1722.21	454.777
1723.02	453.941
1723.83	453.105
1724.64	452.268
1725.46	451.43
1726.27	450.591
1727.08	449.751
1727.89	448.91
1728.7	448.068
1729.51	447.224
1730.32	446.38
1731.13	445.535
1731.94	444.689
1732.75	443.842
1733.56	442.994
1734.37	442.145
1735.18	441.295
1735.99	440.444
1736.8	439.592
1737.61	438.74
1738.42	437.886
1739.23	437.031
1740.04	436.175
1740.85	435.318
1741.66	434.46
1742.47	433.601
1743.29	432.741
1744.1	431.881
1744.91	431.019
1745.72	430.156
1746.53	429.292
1747.34	428.427
1748.15	427.562
1748.96	426.695
1749.77	425.827
1750.58	424.958
1751.39	424.089
1752.2	423.218
1753.01	422.346
1753.82	421.474
1754.63	420.6
1755.44	419.725
1756.25	418.85
1757.06	417.973
1757.87	417.095
1758.68	416.217
1759.49	415.337
1760.3	414.457
1761.12	413.575
1761.93	412.693
1762.74	411.809
1763.55	410.924
1764.36	410.039
1765.17	409.152
1765.98	408.265
1766.79	407.377
1767.6	406.487
1768.41	405.597
1769.22	404.705
1770.03	403.813
1770.84	402.919
1771.65	402.025
1772.46	401.13
1773.27	400.233
1774.08	399.336
1774.89	398.438
1775.7	397.538
1776.51	396.638
1777.32	395.737
1778.13	394.834
1778.95	393.931
1779.76	393.027
1780.57	392.122
1781.38	391.215
1782.19	390.308
1783	389.4
1783.81	388.491
1784.62	387.581
1785.43	386.669
1786.24	385.757
1787.05	384.844
1787.86	383.93
1788.67	383.015
1789.48	382.099
1790.29	381.182
1791.1	380.264
1791.91	379.345
1792.72	378.424
1793.53	377.503
1794.34	376.581
1795.15	375.658
1795.96	374.734
1796.78	373.809
1797.59	372.883
1798.4	371.956
1799.21	371.029
1800.02	370.1
1800.83	369.17
1801.64	368.239
1802.45	367.307
1803.26	366.374
1804.07	365.44
1804.88	364.505
1805.69	363.569
1806.5	362.633
1807.31	361.695
1808.12	360.756
1808.93	359.816
1809.74	358.875
1810.55	357.934
1811.36	356.991
1812.17	356.047
1812.98	355.102
1813.79	354.157
1814.61	353.21
1815.42	352.262
1816.23	351.314
1817.04	350.364
1817.85	349.413
1818.66	348.462
1819.47	347.509
1820.28	346.556
1821.09	345.601
1821.9	344.645
1822.71	343.689
1823.52	342.731
1824.33	341.773
1825.14	340.813
1825.95	339.853
1826.76	338.891
1827.57	337.929
1828.38	336.965
1829.19	336.001
1830	335.035
1830.81	334.069
1831.62	333.101
1832.44	332.133
1833.25	331.164
1834.06	330.193
1834.87	329.222
1835.68	328.249
1836.49	327.276
1837.3	326.302
1838.11	325.326
1838.92	324.35
1839.73	323.373
1840.54	322.395
1841.35	321.415
1842.16	320.435
1842.97	319.454
1843.78	318.472
1844.59	317.488
1845.4	316.504
1846.21	315.519
1847.02	314.533
1847.83	313.546
1848.64	312.557
1849.45	311.568
1850.27	310.578
1851.08	309.587
1851.89	308.595
1852.7	307.602
1853.51	306.608
1854.32	305.613
1855.13	304.617
1855.94	303.62
1856.75	302.622
1857.56	301.623
1858.37	300.623
1859.18	299.622
1859.99	298.62
1860.8	297.617
1861.61	296.613
1862.42	295.608
1863.23	294.602
1864.04	293.595
1864.85	292.587
1865.66	291.578
1866.47	290.568
1867.28	289.557
1868.1	288.546
1868.91	287.533
1869.72	286.519
1870.53	285.504
1871.34	284.488
1872.15	283.472
1872.96	282.454
1873.77	281.435
1874.58	280.415
1875.39	279.395
1876.2	278.373
1877.01	277.35
1877.82	276.327
1878.63	275.302
1879.44	274.276
1880.25	273.25
1881.06	272.222
1881.87	271.193
1882.68	270.164
1883.49	269.133
1884.3	268.102
1885.11	267.069
1885.93	266.035
1886.74	265.001
1887.55	263.965
1888.36	262.929
1889.17	261.891
1889.98	260.853
1890.79	259.813
1891.6	258.773
1892.41	257.731
1893.22	256.689
1894.03	255.646
1894.84	254.601
1895.65	253.556
1896.46	252.509
1897.27	251.462
1898.08	250.414
1898.89	249.364
1899.7	248.314
1900.51	247.263
1901.32	246.21
1902.13	245.157
1902.94	244.103
1903.76	243.047
1904.57	241.991
1905.38	240.934
1906.19	239.876
1907	238.817
1907.81	237.756
1908.62	236.695
1909.43	235.633
1910.24	234.57
1911.05	233.506
1911.86	232.44
1912.67	231.374
1913.48	230.307
1914.29	229.239
1915.1	228.17
1915.91	227.1
1916.72	226.029
1917.53	224.957
1918.34	223.884
1919.15	222.81
1919.96	221.735
1920.77	220.659
1921.59	219.582
1922.4	218.504
1923.21	217.425
1924.02	216.345
1924.83	215.264
1925.64	214.182
1926.45	213.099
1927.26	212.015
1928.07	210.93
1928.88	209.845
1929.69	208.758
1930.5	207.67
1931.31	206.581
1932.12	205.491
1932.93	204.4
1933.74	203.309
1934.55	202.216
1935.36	201.122
1936.17	200.027
1936.98	198.932
1937.79	197.835
1938.6	196.737
1939.42	195.638
1940.23	194.539
1941.04	193.438
1941.85	192.336
1942.66	191.234
1943.47	190.13
1944.28	189.026
1945.09	187.92
1945.9	186.813
1946.71	185.706
1947.52	184.597
1948.33	183.488
1949.14	182.377
1949.95	181.266
1950.76	180.153
1951.57	179.04
1952.38	177.925
1953.19	176.81
1954	175.693
1954.81	174.576
1955.62	173.457
1956.43	172.338
1957.25	171.217
1958.06	170.096
1958.87	168.974
1959.68	167.85
1960.49	166.726
1961.3	165.601
1962.11	164.474
1962.92	163.347
1963.73	162.219
1964.54	161.089
1965.35	159.959
1966.16	158.828
1966.97	157.695
1967.78	156.562
1968.59	155.428
1969.4	154.293
1970.21	153.157
1971.02	152.019
1971.83	150.881
1972.64	149.742
1973.45	148.602
1974.26	147.461
1975.08	146.319
1975.89	145.176
1976.7	144.031
1977.51	142.886
1978.32	141.74
1979.13	140.593
1979.94	139.445
1980.75	138.296
1981.56	137.146
1982.37	135.995
1983.18	134.843
1983.99	133.69
1984.8	132.536
1985.61	131.381
1986.42	130.225
1987.23	129.068
1988.04	127.91
1988.85	126.751
1989.66	125.592
1990.47	124.431
1991.28	123.269
1992.09	122.106
1992.91	120.942
1993.72	119.777
1994.53	118.612
1995.34	117.445
1996.15	116.277
1996.96	115.108
1997.77	113.938
1998.58	112.768
1999.39	111.596
2000.2	110.423
2001.01	109.249
2001.82	108.075
2002.63	106.899
2003.44	105.722
2004.25	104.545
2005.06	103.366
2005.87	102.187
2006.68	101.006
2007.49	99.8243
2008.3	98.6417
2009.11	97.4581
2009.92	96.2735
2010.74	95.088
2011.55	93.9014
2012.36	92.7139
2013.17	91.5254
2013.98	90.3359
2014.79	89.1454
2015.6	87.9539
2016.41	86.7615
2017.22	85.568
2018.03	84.3736
2018.84	83.1782
2019.65	81.9818
2020.46	80.7844
2021.27	79.586
2022.08	78.3866
2022.89	77.1862
2023.7	75.9849
2024.51	74.7826
2025.32	73.5792
2026.13	72.3749
2026.94	71.1696
2027.75	69.9634
2028.57	68.7561
2029.38	67.5478
2030.19	66.3386
2031	65.1284
2031.81	63.9172
2032.62	62.705
2033.43	61.4918
2034.24	60.2776
2035.05	59.0624
2035.86	57.8463
2036.67	56.6291
2037.48	55.411
2038.29	54.1919
2039.1	52.9718
2039.91	51.7507
2040.72	50.5286
2041.53	49.3056
2042.34	48.0815
2043.15	46.8565
2043.96	45.6305
2044.77	44.4035
2045.58	43.1755
2046.39	41.9465
2047.21	40.7165
2048.02	39.4856
2048.83	38.2536
2049.64	37.0207
2050.45	35.7868
2051.26	34.5519
2052.07	33.316
2052.88	32.0791
2053.69	30.8413
2054.5	29.6024
2055.31	28.3626
2056.12	27.1217
2056.93	25.8799
2057.74	24.6371
2058.55	23.3933
2059.36	22.1486
2060.17	20.9028
2060.98	19.6561
2061.79	18.4083
2062.6	17.1596
2063.41	15.9099
2064.22	14.6592
2065.04	13.4075
2065.85	12.1548
2066.66	10.9012
2067.47	9.64655
2068.28	8.39092
2069.09	7.1343
2069.9	5.8767
2070.71	4.6181
2071.52	3.35853
2072.33	2.09796
2073.14	0.836408
2073.95	-0.426132
2074.76	-1.68966
2075.57	-2.95417
2076.38	-4.21967
2077.19	-5.48616
2078	-6.75363
2078.81	-8.0221
2079.62	-9.29154
2080.43	-10.562
2081.24	-11.8334
2082.05	-13.1058
2082.87	-14.3792
2083.68	-15.6536
2084.49	-16.929
2085.3	-18.2053
2086.11	-19.4827
2086.92	-20.761
2087.73	-22.0403
2088.54	-23.3206
2089.35	-24.6019
2090.16	-25.8842
2090.97	-27.1675
2091.78	-28.4517
2092.59	-29.737
2093.4	-31.0232
2094.21	-32.3104
2095.02	-33.5986
2095.83	-34.8878
2096.64	-36.178
2097.45	-37.4691
2098.26	-38.7613
2099.07	-40.0544
2099.88	-41.3485
2100.7	-42.6436
2101.51	-43.9397
2102.32	-45.2368
2103.13	-46.5349
2103.94	-47.834
2104.75	-49.134
2105.56	-50.435
2106.37	-51.7371
2107.18	-53.0401
2107.99	-54.3441
2108.8	-55.649
2109.61	-56.955
2110.42	-58.262
2111.23	-59.5699
2112.04	-60.8788
2112.85	-62.1887
2113.66	-63.4996
2114.47	-64.8115
2115.28	-66.1244
2116.09	-67.4383
2116.9	-68.7531
2117.71	-70.069
2118.53	-71.3858
2119.34	-72.7036
2120.15	-74.0224
2120.96	-75.3422
2121.77	-76.663
2122.58	-77.9847
2123.39	-79.3075
2124.2	-80.6312
2125.01	-81.9559
2125.82	-83.2816
2126.63	-84.6083
2127.44	-85.936
2128.25	-87.2647
2129.06	-88.5943
2129.87	-89.925
2130.68	-91.2566
2131.49	-92.5892
2132.3	-93.9228
2133.11	-95.2574
2133.92	-96.593
2134.73	-97.9295
2135.54	-99.2671
2136.36	-100.606
2137.17	-101.945
2137.98	-103.286
2138.79	-104.627
2139.6	-105.97
2140.41	-107.313
2141.22	-108.658
2142.03	-110.003
2142.84	-111.349
2143.65	-112.697
2144.46	-114.045
2145.27	-115.395
2146.08	-116.745
2146.89	-118.096
2147.7	-119.449
2148.51	-120.802
2149.32	-122.156
2150.13	-123.512
2150.94	-124.868
2151.75	-126.225
2152.56	-127.584
2153.37	-128.943
2154.19	-130.303
2155	-131.664
2155.81	-133.027
2156.62	-134.39
2157.43	-135.754
2158.24	-137.119
2159.05	-138.485
2159.86	-139.853
2160.67	-141.221
2161.48	-142.59
2162.29	-143.96
2163.1	-145.331
2163.91	-146.703
2164.72	-148.076
2165.53	-149.45
2166.34	-150.825
2167.15	-152.201
2167.96	-153.578
2168.77	-154.957
2169.58	-156.336
2170.39	-157.716
2171.2	-159.096
2172.02	-160.478
2172.83	-161.861
2173.64	-163.245
2174.45	-164.63
2175.26	-166.016
2176.07	-167.403
2176.88	-168.791
2177.69	-170.18
2178.5	-171.57
2179.31	-172.961
2180.12	-174.352
2180.93	-175.745
2181.74	-177.139
2182.55	-178.534
2183.36	-179.93
2184.17	-181.326
2184.98	-182.724
2185.79	-184.123
2186.6	-185.523
2187.41	-186.923
2188.22	-188.325
2189.03	-189.728
2189.85	-191.131
2190.66	-192.536
2191.47	-193.942
2192.28	-195.348
2193.09	-196.756
2193.9	-198.165
2194.71	-199.574
2195.52	-200.985
2196.33	-202.396
2197.14	-203.809
2197.95	-205.223
2198.76	-206.637
2199.57	-208.053
2200.38	-209.469
2201.19	-210.887
2202	-212.305
2202.81	-213.725
2203.62	-215.145
2204.43	-216.566
2205.24	-217.989
2206.05	-219.412
2206.86	-220.837
2207.68	-222.262
2208.49	-223.688
2209.3	-225.116
2210.11	-226.544
2210.92	-227.974
2211.73	-229.404
2212.54	-230.835
2213.35	-232.268
2214.16	-233.701
2214.97	-235.135
2215.78	-236.57
2216.59	-238.007
2217.4	-239.444
2218.21	-240.882
2219.02	-242.321
2219.83	-243.761
2220.64	-245.203
2221.45	-246.645
2222.26	-248.088
2223.07	-249.532
2223.88	-250.977
2224.69	-252.423
2225.51	-253.871
2226.32	-255.319
2227.13	-256.768
2227.94	-258.218
2228.75	-259.669
2229.56	-261.121
2230.37	-262.574
2231.18	-264.028
2231.99	-265.483
2232.8	-266.939
2233.61	-268.396
2234.42	-269.854
2235.23	-271.313
2236.04	-272.773
2236.85	-274.234
2237.66	-275.696
2238.47	-277.158
2239.28	-278.622
2240.09	-280.087
2240.9	-281.553
2241.71	-283.02
2242.52	-284.488
2243.34	-285.957
2244.15	-287.426
2244.96	-288.897
2245.77	-290.369
2246.58	-291.842
2247.39	-293.316
2248.2	-294.79
2249.01	-296.266
2249.82	-297.743
2250.63	-299.22
2251.44	-300.699
2252.25	-302.179
2253.06	-303.659
2253.87	-305.141
2254.68	-306.624
2255.49	-308.107
2256.3	-309.592
2257.11	-311.078
2257.92	-312.564
2258.73	-314.052
2259.54	-315.54
2260.35	-317.03
2261.17	-318.52
2261.98	-320.012
2262.79	-321.504
2263.6	-322.998
2264.41	-324.492
2265.22	-325.988
2266.03	-327.484
2266.84	-328.982
2267.65	-330.48
2268.46	-331.98
2269.27	-333.48
2270.08	-334.981
2270.89	-336.484
2271.7	-337.987
2272.51	-339.492
2273.32	-340.997
2274.13	-342.503
2274.94	-344.011
2275.75	-345.519
2276.56	-347.028
2277.37	-348.538
2278.18	-350.05
2279	-351.562
2279.81	-353.075
2280.62	-354.589
2281.43	-356.105
2282.24	-357.621
2283.05	-359.138
2283.86	-360.656
2284.67	-362.175
2285.48	-363.695
2286.29	-365.217
2287.1	-366.739
2287.91	-368.262
2288.72	-369.786
2289.53	-371.311
2290.34	-372.837
2291.15	-374.364
2291.96	-375.892
2292.77	-377.421
2293.58	-378.951
2294.39	-380.482
2295.2	-382.014
2296.01	-383.547
2296.83	-385.081
2297.64	-386.616
2298.45	-388.152
2299.26	-389.689
2300.07	-391.227
2300.88	-392.766
2301.69	-394.306
2302.5	-395.847
2303.31	-397.388
2304.12	-398.931
2304.93	-400.475
2305.74	-402.02
2306.55	-403.566
2307.36	-405.113
2308.17	-406.66
2308.98	-408.209
2309.79	-409.759
2310.6	-411.31
2311.41	-412.861
2312.22	-414.414
2313.03	-415.968
2313.84	-417.522
2314.66	-419.078
2315.47	-420.635
2316.28	-422.192
2317.09	-423.751
2317.9	-425.311
2318.71	-426.871
2319.52	-428.433
2320.33	-429.995
2321.14	-431.559
2321.95	-433.124
2322.76	-434.689
2323.57	-436.256
2324.38	-437.823
2325.19	-439.392
2326	-440.961
2326.81	-442.532
2327.62	-444.103
2328.43	-445.676
2329.24	-447.249
2330.05	-448.824
2330.86	-450.399
2331.67	-451.975
2332.49	-453.553
2333.3	-455.131
2334.11	-456.71
2334.92	-458.291
2335.73	-459.872
2336.54	-461.454
2337.35	-463.038
2338.16	-464.622
2338.97	-466.207
2339.78	-467.794
2340.59	-469.381
2341.4	-470.969
2342.21	-472.558
2343.02	-474.149
2343.83	-475.74
2344.64	-477.332
2345.45	-478.925
2346.26	-480.519
2347.07	-482.115
2347.88	-483.711
2348.69	-485.308
2349.5	-486.906
2350.32	-488.505
2351.13	-490.105
2351.94	-491.706
2352.75	-493.308
2353.56	-494.911
2354.37	-496.515
2355.18	-498.12
2355.99	-499.726
2356.8	-501.333
2357.61	-502.941
2358.42	-504.55
2359.23	-506.16
2360.04	-507.771
2360.85	-509.383
2361.66	-510.996
2362.47	-512.61
2363.28	-514.225
2364.09	-515.841
2364.9	-517.458
2365.71	-519.076
2366.52	-520.694
2367.33	-522.314
2368.15	-523.935
2368.96	-525.557
2369.77	-527.18
2370.58	-528.804
2371.39	-530.428
2372.2	-532.054
2373.01	-533.681
2373.82	-535.309
2374.63	-536.937
2375.44	-538.567
2376.25	-540.198
2377.06	-541.829
2377.87	-543.462
2378.68	-545.096
2379.49	-546.73
2380.3	-548.366
2381.11	-550.002
2381.92	-551.64
2382.73	-553.279
2383.54	-554.918
2384.35	-556.559
2385.16	-558.2
2385.97	-559.843
2386.79	-561.486
2387.6	-563.131
2388.41	-564.776
2389.22	-566.423
2390.03	-568.07
2390.84	-569.719
2391.65	-571.368
2392.46	-573.019
2393.27	-574.67
2394.08	-576.323
2394.89	-577.976
2395.7	-579.63
2396.51	-581.286
2397.32	-582.942
2398.13	-584.599
2398.94	-586.258
2399.75	-587.917
2400.56	-589.577
2401.37	-591.239
2402.18	-592.901
2402.99	-594.564
2403.8	-596.228
2404.62	-597.894
2405.43	-599.56
2406.24	-601.227
2407.05	-602.895
2407.86	-604.564
2408.67	-606.235
2409.48	-607.906
2410.29	-609.578
2411.1	-611.251
2411.91	-612.925
2412.72	-614.6
2413.53	-616.276
2414.34	-617.953
2415.15	-619.631
2415.96	-621.311
2416.77	-622.991
2417.58	-624.672
2418.39	-626.354
2419.2	-628.037
2420.01	-629.721
2420.82	-631.406
2421.63	-633.092
2422.45	-634.778
2423.26	-636.466
2424.07	-638.155
2424.88	-639.845
2425.69	-641.536
2426.5	-643.228
2427.31	-644.921
2428.12	-646.615
2428.93	-648.31
2429.74	-650.005
2430.55	-651.702
2431.36	-653.4
2432.17	-655.099
2432.98	-656.799
2433.79	-658.499
2434.6	-660.201
2435.41	-661.904
2436.22	-663.608
2437.03	-665.312
2437.84	-667.018
2438.65	-668.725
2439.46	-670.432
2440.28	-672.141
2441.09	-673.851
2441.9	-675.561
2442.71	-677.273
2443.52	-678.986
2444.33	-680.699
2445.14	-682.414
2445.95	-684.129
2446.76	-685.846
2447.57	-687.563
2448.38	-689.282
2449.19	-691.002
2450	-692.722
2450.81	-694.444
2451.62	-696.166
2452.43	-697.889
2453.24	-699.614
2454.05	-701.339
2454.86	-703.066
2455.67	-704.793
2456.48	-706.522
2457.29	-708.251
2458.11	-709.981
2458.92	-711.713
2459.73	-713.445
2460.54	-715.178
2461.35	-716.913
2462.16	-718.648
2462.97	-720.384
2463.78	-722.122
2464.59	-723.86
2465.4	-725.599
2466.21	-727.339
2467.02	-729.081
2467.83	-730.823
2468.64	-732.566
2469.45	-734.31
2470.26	-736.055
2471.07	-737.802
2471.88	-739.549
2472.69	-741.297
2473.5	-743.046
2474.31	-744.796
2475.12	-746.547
2475.94	-748.299
2476.75	-750.052
2477.56	-751.807
2478.37	-753.562
2479.18	-755.318
2479.99	-757.075
2480.8	-758.833
2481.61	-760.592
2482.42	-762.352
2483.23	-764.113
2484.04	-765.875
2484.85	-767.638
2485.66	-769.401
2486.47	-771.166
2487.28	-772.932
2488.09	-774.699
2488.9	-776.467
2489.71	-778.236
2490.52	-780.006
2491.33	-781.777
2492.14	-783.549
2492.95	-785.321
2493.77	-787.095
2494.58	-788.87
2495.39	-790.646
2496.2	-792.422
2497.01	-794.2
2497.82	-795.979
2498.63	-797.759
2499.44	-799.539
2500.25	-801.321
2501.06	-803.104
2501.87	-804.887
2502.68	-806.672
2503.49	-808.458
2504.3	-810.244
2505.11	-812.032
2505.92	-813.821
2506.73	-815.61
2507.54	-817.401
2508.35	-819.192
2509.16	-820.985
2509.97	-822.779
2510.78	-824.573
2511.6	-826.369
2512.41	-828.165
2513.22	-829.963
2514.03	-831.761
2514.84	-833.561
2515.65	-835.361
2516.46	-837.162
2517.27	-838.965
2518.08	-840.768
2518.89	-842.573
2519.7	-844.378
2520.51	-846.184
2521.32	-847.992
2522.13	-849.8
2522.94	-851.609
2523.75	-853.42
2524.56	-855.231
2525.37	-857.043
2526.18	-858.857
2526.99	-860.671
2527.8	-862.486
2528.61	-864.302
2529.43	-866.12
2530.24	-867.938
2531.05	-869.757
2531.86	-871.577
2532.67	-873.399
2533.48	-875.221
2534.29	-877.044
2535.1	-878.868
2535.91	-880.693
2536.72	-882.519
2537.53	-884.346
2538.34	-886.174
2539.15	-888.003
2539.96	-889.834
2540.77	-891.665
2541.58	-893.497
2542.39	-895.33
2543.2	-897.164
2544.01	-898.999
2544.82	-900.835
2545.63	-902.672
2546.44	-904.51
2547.26	-906.349
2548.07	-908.188
2548.88	-910.029
2549.69	-911.871
2550.5	-913.714
2551.31	-915.558
2552.12	-917.403
2552.93	-919.249
2553.74	-921.096
2554.55	-922.943
2555.36	-924.792
2556.17	-926.642
2556.98	-928.493
2557.79	-930.345
2558.6	-932.197
2559.41	-934.051
2560.22	-935.906
2561.03	-937.762
2561.84	-939.618
2562.65	-941.476
2563.46	-943.335
2564.27	-945.194
2565.09	-947.055
2565.9	-948.917
2566.71	-950.779
2567.52	-952.643
2568.33	-954.508
2569.14	-956.373
2569.95	-958.24
2570.76	-960.107
2571.57	-961.976
2572.38	-963.845
2573.19	-965.716
2574	-967.588
2574.81	-969.46
2575.62	-971.334
2576.43	-973.208
2577.24	-975.083
2578.05	-976.96
2578.86	-978.837
2579.67	-980.716
2580.48	-982.595
2581.29	-984.476
2582.1	-986.357
2582.92	-988.239
2583.73	-990.123
2584.54	-992.007
2585.35	-993.892
2586.16	-995.779
2586.97	-997.666
2587.78	-999.554
2588.59	-1001.44
2589.4	-1003.33
2590.21	-1005.23
2591.02	-1007.12
2591.83	-1009.01
2592.64	-1010.9
2593.45	-1012.8
2594.26	-1014.7
2595.07	-1016.59
2595.88	-1018.49
2596.69	-1020.39
2597.5	-1022.29
2598.31	-1024.19
2599.12	-1026.09
2599.93	-1028
2600.75	-1029.9
2601.56	-1031.81
2602.37	-1033.71
2603.18	-1035.62
2603.99	-1037.53
2604.8	-1039.44
2605.61	-1041.35
2606.42	-1043.26
2607.23	-1045.17
2608.04	-1047.08
2608.85	-1049
2609.66	-1050.91
2610.47	-1052.83
2611.28	-1054.74
2612.09	-1056.66
2612.9	-1058.58
2613.71	-1060.5
2614.52	-1062.42
2615.33	-1064.34
2616.14	-1066.27
2616.95	-1068.19
2617.76	-1070.12
2618.58	-1072.04
2619.39	-1073.97
2620.2	-1075.9
2621.01	-1077.82
2621.82	-1079.75
2622.63	-1081.68
2623.44	-1083.62
2624.25	-1085.55
2625.06	-1087.48
2625.87	-1089.42
2626.68	-1091.35
2627.49	-1093.29
2628.3	-1095.23
2629.11	-1097.17
2629.92	-1099.11
2630.73	-1101.05
2631.54	-1102.99
2632.35	-1104.93
2633.16	-1106.87
2633.97	-1108.82
2634.78	-1110.76
2635.59	-1112.71
2636.41	-1114.66
2637.22	-1116.61
2638.03	-1118.56
2638.84	-1120.51
2639.65	-1122.46
2640.46	-1124.41
2641.27	-1126.36
2642.08	-1128.32
2642.89	-1130.27
2643.7	-1132.23
2644.51	-1134.19
2645.32	-1136.15
2646.13	-1138.11
2646.94	-1140.07
2647.75	-1142.03
2648.56	-1143.99
2649.37	-1145.95
2650.18	-1147.92
2650.99	-1149.88
2651.8	-1151.85
2652.61	-1153.82
2653.42	-1155.78
2654.24	-1157.75
2655.05	-1159.72
2655.86	-1161.69
2656.67	-1163.67
2657.48	-1165.64
2658.29	-1167.61
2659.1	-1169.59
2659.91	-1171.57
2660.72	-1173.54
2661.53	-1175.52
2662.34	-1177.5
2663.15	-1179.48
2663.96	-1181.46
2664.77	-1183.44
2665.58	-1185.43
2666.39	-1187.41
2667.2	-1189.4
2668.01	-1191.38
2668.82	-1193.37
2669.63	-1195.36
2670.44	-1197.35
2671.25	-1199.34
2672.07	-1201.33
2672.88	-1203.32
2673.69	-1205.31
2674.5	-1207.31
2675.31	-1209.3
2676.12	-1211.3
2676.93	-1213.29
2677.74	-1215.29
2678.55	-1217.29
2679.36	-1219.29
2680.17	-1221.29
2680.98	-1223.29
2681.79	-1225.29
2682.6	-1227.3
2683.41	-1229.3
2684.22	-1231.31
2685.03	-1233.32
2685.84	-1235.32
2686.65	-1237.33
2687.46	-1239.34
2688.27	-1241.35
2689.08	-1243.36
2689.9	-1245.38
2690.71	-1247.39
2691.52	-1249.41
2692.33	-1251.42
2693.14	-1253.44
2693.95	-1255.45
2694.76	-1257.47
2695.57	-1259.49
2696.38	-1261.51
2697.19	-1263.54
2698	-1265.56
2698.81	-1267.58
2699.62	-1269.61
2700.43	-1271.63
2701.24	-1273.66
2702.05	-1275.69
2702.86	-1277.71
2703.67	-1279.74
2704.48	-1281.77
2705.29	-1283.8
2706.1	-1285.84
2706.91	-1287.87
2707.73	-1289.91
2708.54	-1291.94
2709.35	-1293.98
2710.16	-1296.01
2710.97	-1298.05
2711.78	-1300.09
2712.59	-1302.13
2713.4	-1304.17
2714.21	-1306.22
2715.02	-1308.26
2715.83	-1310.3
2716.64	-1312.35
2717.45	-1314.39
2718.26	-1316.44
2719.07	-1318.49
2719.88	-1320.54
2720.69	-1322.59
2721.5	-1324.64
2722.31	-1326.69
2723.12	-1328.75
2723.93	-1330.8
2724.74	-1332.85
2725.55	-1334.91
2726.37	-1336.97
2727.18	-1339.03
2727.99	-1341.09
2728.8	-1343.15
2729.61	-1345.21
2730.42	-1347.27
2731.23	-1349.33
2732.04	-1351.4
2732.85	-1353.46
2733.66	-1355.53
2734.47	-1357.59
2735.28	-1359.66
2736.09	-1361.73
2736.9	-1363.8
2737.71	-1365.87
2738.52	-1367.94
2739.33	-1370.02
2740.14	-1372.09
2740.95	-1374.16
2741.76	-1376.24
2742.57	-1378.32
2743.38	-1380.39
2744.2	-1382.47
2745.01	-1384.55
2745.82	-1386.63
2746.63	-1388.72
2747.44	-1390.8
2748.25	-1392.88
2749.06	-1394.97
2749.87	-1397.05
2750.68	-1399.14
2751.49	-1401.23
2752.3	-1403.32
2753.11	-1405.41
2753.92	-1407.5
2754.73	-1409.59
2755.54	-1411.68
2756.35	-1413.77
2757.16	-1415.87
2757.97	-1417.96
2758.78	-1420.06
2759.59	-1422.16
2760.4	-1424.26
2761.21	-1426.36
2762.03	-1428.46
2762.84	-1430.56
2763.65	-1432.66
2764.46	-1434.76
2765.27	-1436.87
2766.08	-1438.97
2766.89	-1441.08
2767.7	-1443.19
2768.51	-1445.3
2769.32	-1447.41
2770.13	-1449.52
2770.94	-1451.63
2771.75	-1453.74
2772.56	-1455.85
2773.37	-1457.97
2774.18	-1460.08
2774.99	-1462.2
2775.8	-1464.32
2776.61	-1466.43
2777.42	-1468.55
2778.23	-1470.67
2779.04	-1472.8
2779.86	-1474.92
2780.67	-1477.04
2781.48	-1479.16
2782.29	-1481.29
2783.1	-1483.42
2783.91	-1485.54
2784.72	-1487.67
2785.53	-1489.8
2786.34	-1491.93
2787.15	-1494.06
2787.96	-1496.19
2788.77	-1498.33
2789.58	-1500.46
2790.39	-1502.6
2791.2	-1504.73
2792.01	-1506.87
2792.82	-1509.01
2793.63	-1511.15
2794.44	-1513.29
2795.25	-1515.43
2796.06	-1517.57
2796.87	-1519.71
2797.69	-1521.86
2798.5	-1524
2799.31	-1526.15
2800.12	-1528.29
2800.93	-1530.44
2801.74	-1532.59
2802.55	-1534.74
2803.36	-1536.89
2804.17	-1539.04
2804.98	-1541.2
2805.79	-1543.35
2806.6	-1545.5
2807.41	-1547.66
2808.22	-1549.82
2809.03	-1551.97
2809.84	-1554.13
2810.65	-1556.29
2811.46	-1558.45
2812.27	-1560.62
2813.08	-1562.78
2813.89	-1564.94
2814.7	-1567.11
2815.52	-1569.27
2816.33	-1571.44
2817.14	-1573.61
2817.95	-1575.77
2818.76	-1577.94
2819.57	-1580.11
2820.38	-1582.29
2821.19	-1584.46
2822	-1586.63
2822.81	-1588.81
2823.62	-1590.98
2824.43	-1593.16
2825.24	-1595.34
2826.05	-1597.52
2826.86	-1599.69
2827.67	-1601.87
2828.48	-1604.06
2829.29	-1606.24
2830.1	-1608.42
2830.91	-1610.61
2831.72	-1612.79
2832.53	-1614.98
2833.35	-1617.17
2834.16	-1619.35
2834.97	-1621.54
2835.78	-1623.73
2836.59	-1625.93
2837.4	-1628.12
2838.21	-1630.31
2839.02	-1632.5
2839.83	-1634.7
2840.64	-1636.9
2841.45	-1639.09
2842.26	-1641.29
2843.07	-1643.49
2843.88	-1645.69
2844.69	-1647.89
2845.5	-1650.09
2846.31	-1652.3
2847.12	-1654.5
2847.93	-1656.71
2848.74	-1658.91
2849.55	-1661.12
2850.36	-1663.33
2851.18	-1665.54
2851.99	-1667.75
2852.8	-1669.96
2853.61	-1672.17
2854.42	-1674.38
2855.23	-1676.6
2856.04	-1678.81
2856.85	-1681.03
2857.66	-1683.25
2858.47	-1685.46
2859.28	-1687.68
2860.09	-1689.9
2860.9	-1692.12
2861.71	-1694.35
2862.52	-1696.57
2863.33	-1698.79
2864.14	-1701.02
2864.95	-1703.24
2865.76	-1705.47
2866.57	-1707.7
2867.38	-1709.93
2868.19	-1712.16
2869.01	-1714.39
2869.82	-1716.62
2870.63	-1718.85
2871.44	-1721.08
2872.25	-1723.32
2873.06	-1725.56
2873.87	-1727.79
2874.68	-1730.03
2875.49	-1732.27
2876.3	-1734.51
2877.11	-1736.75
2877.92	-1738.99
2878.73	-1741.23
2879.54	-1743.48
2880.35	-1745.72
2881.16	-1747.97
2881.97	-1750.21
2882.78	-1752.46
2883.59	-1754.71
2884.4	-1756.96
2885.21	-1759.21
2886.02	-1761.46
2886.84	-1763.71
2887.65	-1765.97
2888.46	-1768.22
2889.27	-1770.48
2890.08	-1772.73
2890.89	-1774.99
2891.7	-1777.25
2892.51	-1779.51
2893.32	-1781.77
2894.13	-1784.03
2894.94	-1786.29
2895.75	-1788.56
2896.56	-1790.82
2897.37	-1793.09
2898.18	-1795.35
2898.99	-1797.62
2899.8	-1799.89
2900.61	-1802.16
2901.42	-1804.43
2902.23	-1806.7
2903.04	-1808.97
2903.85	-1811.24
2904.67	-1813.52
2905.48	-1815.79
2906.29	-1818.07
2907.1	-1820.35
2907.91	-1822.63
2908.72	-1824.9
2909.53	-1827.18
2910.34	-1829.47
2911.15	-1831.75
2911.96	-1834.03
2912.77	-1836.31
2913.58	-1838.6
2914.39	-1840.89
2915.2	-1843.17
2916.01	-1845.46
2916.82	-1847.75
2917.63	-1850.04
2918.44	-1852.33
2919.25	-1854.62
2920.06	-1856.92
2920.87	-1859.21
2921.68	-1861.5
2922.5	-1863.8
2923.31	-1866.1
2924.12	-1868.4
2924.93	-1870.69
2925.74	-1872.99
2926.55	-1875.3
2927.36	-1877.6
2928.17	-1879.9
2928.98	-1882.2
2929.79	-1884.51
2930.6	-1886.81
2931.41	-1889.12
2932.22	-1891.43
2933.03	-1893.74
2933.84	-1896.05
2934.65	-1898.36
2935.46	-1900.67
2936.27	-1902.98
2937.08	-1905.3
2937.89	-1907.61
2938.7	-1909.93
2939.51	-1912.24
2940.33	-1914.56
2941.14	-1916.88
2941.95	-1919.2
2942.76	-1921.52
2943.57	-1923.84
2944.38	-1926.16
2945.19	-1928.49
2946	-1930.81
2946.81	-1933.14
2947.62	-1935.46
2948.43	-1937.79
2949.24	-1940.12
2950.05	-1942.45
2950.86	-1944.78
2951.67	-1947.11
2952.48	-1949.44
2953.29	-1951.78
2954.1	-1954.11
2954.91	-1956.45
2955.72	-1958.78
2956.53	-1961.12
2957.34	-1963.46
2958.16	-1965.8
2958.97	-1968.14
2959.78	-1970.48
2960.59	-1972.82
2961.4	-1975.17
2962.21	-1977.51
2963.02	-1979.86
2963.83	-1982.2
2964.64	-1984.55
2965.45	-1986.9
2966.26	-1989.25
2967.07	-1991.6
2967.88	-1993.95
2968.69	-1996.3
2969.5	-1998.65
2970.31	-2001.01
2971.12	-2003.36
2971.93	-2005.72
2972.74	-2008.08
2973.55	-2010.43
2974.36	-2012.79
2975.17	-2015.15
2975.99	-2017.51
2976.8	-2019.88
2977.61	-2022.24
2978.42	-2024.6
2979.23	-2026.97
2980.04	-2029.33
2980.85	-2031.7
2981.66	-2034.07
2982.47	-2036.44
2983.28	-2038.81
2984.09	-2041.18
2984.9	-2043.55
2985.71	-2045.92
2986.52	-2048.3
2987.33	-2050.67
2988.14	-2053.05
2988.95	-2055.43
2989.76	-2057.8
2990.57	-2060.18
2991.38	-2062.56
2992.19	-2064.94
2993	-2067.32
2993.82	-2069.71
2994.63	-2072.09
2995.44	-2074.48
2996.25	-2076.86
2997.06	-2079.25
2997.87	-2081.64
2998.68	-2084.03
2999.49	-2086.41
3000.3	-2088.81
3001.11	-2091.2
3001.92	-2093.59
3002.73	-2095.98
3003.54	-2098.38
3004.35	-2100.77
3005.16	-2103.17
3005.97	-2105.57
3006.78	-2107.97
3007.59	-2110.37
3008.4	-2112.77
3009.21	-2115.17
3010.02	-2117.57
3010.83	-2119.97
3011.65	-2122.38
3012.46	-2124.78
3013.27	-2127.19
3014.08	-2129.6
3014.89	-2132.01
3015.7	-2134.42
3016.51	-2136.83
3017.32	-2139.24
3018.13	-2141.65
3018.94	-2144.06
3019.75	-2146.48
3020.56	-2148.89
3021.37	-2151.31
3022.18	-2153.73
3022.99	-2156.15
3023.8	-2158.56
3024.61	-2160.98
3025.42	-2163.41
3026.23	-2165.83
3027.04	-2168.25
3027.85	-2170.68
3028.66	-2173.1
3029.48	-2175.53
3030.29	-2177.95
3031.1	-2180.38
3031.91	-2182.81
3032.72	-2185.24
3033.53	-2187.67
3034.34	-2190.11
3035.15	-2192.54
3035.96	-2194.97
3036.77	-2197.41
3037.58	-2199.84
3038.39	-2202.28
3039.2	-2204.72
3040.01	-2207.16
3040.82	-2209.6
3041.63	-2212.04
3042.44	-2214.48
3043.25	-2216.92
3044.06	-2219.37
3044.87	-2221.81
3045.68	-2224.26
3046.49	-2226.71
3047.31	-2229.15
3048.12	-2231.6
3048.93	-2234.05
3049.74	-2236.5
3050.55	-2238.96
3051.36	-2241.41
3052.17	-2243.86
3052.98	-2246.32
3053.79	-2248.77
3054.6	-2251.23
3055.41	-2253.69
3056.22	-2256.15
3057.03	-2258.61
3057.84	-2261.07
3058.65	-2263.53
3059.46	-2265.99
3060.27	-2268.45
3061.08	-2270.92
3061.89	-2273.39
3062.7	-2275.85
3063.51	-2278.32
3064.32	-2280.79
3065.13	-2283.26
3065.95	-2285.73
3066.76	-2288.2
3067.57	-2290.67
3068.38	-2293.15
3069.19	-2295.62
3070	-2298.1
3070.81	-2300.57
3071.62	-2303.05
3072.43	-2305.53
3073.24	-2308.01
3074.05	-2310.49
3074.86	-2312.97
3075.67	-2315.45
3076.48	-2317.94
3077.29	-2320.42
3078.1	-2322.91
3078.91	-2325.39
3079.72	-2327.88
3080.53	-2330.37
3081.34	-2332.86
3082.15	-2335.35
3082.96	-2337.84
3083.78	-2340.33
3084.59	-2342.83
3085.4	-2345.32
3086.21	-2347.81
3087.02	-2350.31
3087.83	-2352.81
3088.64	-2355.31
3089.45	-2357.81
3090.26	-2360.31
3091.07	-2362.81
3091.88	-2365.31
3092.69	-2367.81
3093.5	-2370.32
3094.31	-2372.82
3095.12	-2375.33
3095.93	-2377.84
3096.74	-2380.34
3097.55	-2382.85
3098.36	-2385.36
3099.17	-2387.87
3099.98	-2390.39
3100.79	-2392.9
3101.61	-2395.41
3102.42	-2397.93
3103.23	-2400.44
3104.04	-2402.96
3104.85	-2405.48
3105.66	-2408
3106.47	-2410.52
3107.28	-2413.04
3108.09	-2415.56
3108.9	-2418.08
3109.71	-2420.61
3110.52	-2423.13
3111.33	-2425.66
3112.14	-2428.19
3112.95	-2430.71
3113.76	-2433.24
3114.57	-2435.77
3115.38	-2438.3
3116.19	-2440.83
3117	-2443.37
3117.81	-2445.9
3118.62	-2448.44
3119.44	-2450.97
3120.25	-2453.51
3121.06	-2456.05
3121.87	-2458.59
3122.68	-2461.13
3123.49	-2463.67
3124.3	-2466.21
3125.11	-2468.75
3125.92	-2471.29
3126.73	-2473.84
3127.54	-2476.38
3128.35	-2478.93
3129.16	-2481.48
3129.97	-2484.03
3130.78	-2486.58
3131.59	-2489.13
3132.4	-2491.68
3133.21	-2494.23
3134.02	-2496.78
3134.83	-2499.34
3135.64	-2501.89
3136.45	-2504.45
3137.27	-2507.01
3138.08	-2509.57
3138.89	-2512.13
3139.7	-2514.69
3140.51	-2517.25
3141.32	-2519.81
3142.13	-2522.37
3142.94	-2524.94
3143.75	-2527.5
3144.56	-2530.07
3145.37	-2532.64
3146.18	-2535.21
3146.99	-2537.78
3147.8	-2540.35
3148.61	-2542.92
3149.42	-2545.49
3150.23	-2548.06
3151.04	-2550.64
3151.85	-2553.21
3152.66	-2555.79
3153.47	-2558.37
3154.28	-2560.94
3155.1	-2563.52
3155.91	-2566.1
3156.72	-2568.68
3157.53	-2571.27
3158.34	-2573.85
3159.15	-2576.43
3159.96	-2579.02
3160.77	-2581.61
3161.58	-2584.19
3162.39	-2586.78
3163.2	-2589.37
3164.01	-2591.96
3164.82	-2594.55
3165.63	-2597.14
3166.44	-2599.74
3167.25	-2602.33
3168.06	-2604.92
3168.87	-2607.52
3169.68	-2610.12
3170.49	-2612.72
3171.3	-2615.31
3172.11	-2617.91
3172.93	-2620.52
3173.74	-2623.12
3174.55	-2625.72
3175.36	-2628.32
3176.17	-2630.93
3176.98	-2633.53
3177.79	-2636.14
3178.6	-2638.75
3179.41	-2641.36
3180.22	-2643.97
3181.03	-2646.58
3181.84	-2649.19
3182.65	-2651.8
3183.46	-2654.42
3184.27	-2657.03
3185.08	-2659.65
3185.89	-2662.26
3186.7	-2664.88
3187.51	-2667.5
3188.32	-2670.12
3189.13	-2672.74
3189.94	-2675.36
3190.76	-2677.98
3191.57	-2680.61
3192.38	-2683.23
3193.19	-2685.86
3194	-2688.49
3194.81	-2691.11
3195.62	-2693.74
3196.43	-2696.37
3197.24	-2699
3198.05	-2701.63
3198.86	-2704.27
3199.67	-2706.9
3200.48	-2709.53
3201.29	-2712.17
3202.1	-2714.81
3202.91	-2717.44
3203.72	-2720.08
3204.53	-2722.72
3205.34	-2725.36
3206.15	-2728
3206.96	-2730.64
3207.77	-2733.29
3208.59	-2735.93
3209.4	-2738.58
3210.21	-2741.22
3211.02	-2743.87
3211.83	-2746.52
3212.64	-2749.17
3213.45	-2751.82
3214.26	-2754.47
3215.07	-2757.12
3215.88	-2759.78
3216.69	-2762.43
3217.5	-2765.09
3218.31	-2767.74
3219.12	-2770.4
3219.93	-2773.06
3220.74	-2775.72
3221.55	-2778.38
3222.36	-2781.04
3223.17	-2783.7
3223.98	-2786.36
3224.79	-2789.03
3225.6	-2791.69
3226.42	-2794.36
3227.23	-2797.02
3228.04	-2799.69
3228.85	-2802.36
3229.66	-2805.03
3230.47	-2807.7
3231.28	-2810.37
3232.09	-2813.05
3232.9	-2815.72
3233.71	-2818.4
3234.52	-2821.07
3235.33	-2823.75
3236.14	-2826.43
3236.95	-2829.11
3237.76	-2831.79
3238.57	-2834.47
3239.38	-2837.15
3240.19	-2839.83
3241	-2842.52
3241.81	-2845.2
3242.62	-2847.89
3243.43	-2850.57
3244.25	-2853.26
3245.06	-2855.95
3245.87	-2858.64
3246.68	-2861.33
3247.49	-2864.02
3248.3	-2866.71
3249.11	-2869.41
3249.92	-2872.1
3250.73	-2874.8
3251.54	-2877.49
3252.35	-2880.19
3253.16	-2882.89
3253.97	-2885.59
3254.78	-2888.29
3255.59	-2890.99
3256.4	-2893.7
3257.21	-2896.4
3258.02	-2899.1
3258.83	-2901.81
3259.64	-2904.52
3260.45	-2907.22
3261.26	-2909.93
3262.08	-2912.64
3262.89	-2915.35
3263.7	-2918.06
3264.51	-2920.78
3265.32	-2923.49
3266.13	-2926.2
3266.94	-2928.92
3267.75	-2931.64
3268.56	-2934.35
3269.37	-2937.07
3270.18	-2939.79
3270.99	-2942.51
3271.8	-2945.23
3272.61	-2947.95
3273.42	-2950.68
3274.23	-2953.4
3275.04	-2956.13
3275.85	-2958.85
3276.66	-2961.58
3277.47	-2964.31
3278.28	-2967.04
3279.09	-2969.77
3279.91	-2972.5
3280.72	-2975.23
3281.53	-2977.96
3282.34	-2980.7
3283.15	-2983.43
3283.96	-2986.17
3284.77	-2988.91
3285.58	-2991.65
3286.39	-2994.38
3287.2	-2997.12
3288.01	-2999.87
3288.82	-3002.61
3289.63	-3005.35
3290.44	-3008.09
3291.25	-3010.84
3292.06	-3013.59
3292.87	-3016.33
3293.68	-3019.08
3294.49	-3021.83
3295.3	-3024.58
3296.11	-3027.33
3296.92	-3030.08
3297.74	-3032.84
3298.55	-3035.59
3299.36	-3038.34
3300.17	-3041.1
3300.98	-3043.86
3301.79	-3046.61
3302.6	-3049.37
3303.41	-3052.13
3304.22	-3054.89
3305.03	-3057.66
3305.84	-3060.42
3306.65	-3063.18
3307.46	-3065.95
3308.27	-3068.71
3309.08	-3071.48
3309.89	-3074.25
3310.7	-3077.02
3311.51	-3079.79
3312.32	-3082.56
3313.13	-3085.33
3313.94	-3088.1
3314.75	-3090.87
3315.57	-3093.65
3316.38	-3096.42
3317.19	-3099.2
3318	-3101.98
3318.81	-3104.76
3319.62	-3107.54
3320.43	-3110.32
3321.24	-3113.1
3322.05	-3115.88
3322.86	-3118.67
3323.67	-3121.45
3324.48	-3124.24
3325.29	-3127.02
3326.1	-3129.81
3326.91	-3132.6
3327.72	-3135.39
3328.53	-3138.18
3329.34	-3140.97
3330.15	-3143.76
3330.96	-3146.55
3331.77	-3149.35
3332.58	-3152.14
3333.4	-3154.94
3334.21	-3157.74
3335.02	-3160.54
3335.83	-3163.34
3336.64	-3166.14
3337.45	-3168.94
3338.26	-3171.74
3339.07	-3174.54
3339.88	-3177.35
3340.69	-3180.15
3341.5	-3182.96
3342.31	-3185.77
3343.12	-3188.57
3343.93	-3191.38
3344.74	-3194.19
3345.55	-3197
3346.36	-3199.82
3347.17	-3202.63
3347.98	-3205.44
3348.79	-3208.26
3349.6	-3211.07
3350.41	-3213.89
3351.23	-3216.71
3352.04	-3219.53
3352.85	-3222.35
3353.66	-3225.17
3354.47	-3227.99
3355.28	-3230.81
3356.09	-3233.64
3356.9	-3236.46
3357.71	-3239.29
3358.52	-3242.12
3359.33	-3244.94
3360.14	-3247.77
3360.95	-3250.6
3361.76	-3253.43
3362.57	-3256.27
3363.38	-3259.1
3364.19	-3261.93
3365	-3264.77
3365.81	-3267.6
3366.62	-3270.44
3367.43	-3273.28
3368.24	-3276.12
3369.06	-3278.96
3369.87	-3281.8
3370.68	-3284.64
3371.49	-3287.48
3372.3	-3290.33
3373.11	-3293.17
3373.92	-3296.02
3374.73	-3298.86
3375.54	-3301.71
3376.35	-3304.56
3377.16	-3307.41
3377.97	-3310.26
3378.78	-3313.11
3379.59	-3315.96
3380.4	-3318.82
3381.21	-3321.67
3382.02	-3324.53
3382.83	-3327.38
3383.64	-3330.24
3384.45	-3333.1
3385.26	-3335.96
3386.07	-3338.82
3386.89	-3341.68
3387.7	-3344.54
3388.51	-3347.41
3389.32	-3350.27
3390.13	-3353.14
3390.94	-3356
3391.75	-3358.87
3392.56	-3361.74
3393.37	-3364.61
3394.18	-3367.48
3394.99	-3370.35
3395.8	-3373.22
3396.61	-3376.1
3397.42	-3378.97
3398.23	-3381.85
3399.04	-3384.72
3399.85	-3387.6
3400.66	-3390.48
3401.47	-3393.36
3402.28	-3396.24
3403.09	-3399.12
3403.9	-3402
3404.71	-3404.88
3405.53	-3407.77
3406.34	-3410.65
3407.15	-3413.54
3407.96	-3416.43
3408.77	-3419.31
3409.58	-3422.2
3410.39	-3425.09
3411.2	-3427.98
3412.01	-3430.88
3412.82	-3433.77
3413.63	-3436.66
3414.44	-3439.56
3415.25	-3442.45
3416.06	-3445.35
3416.87	-3448.25
3417.68	-3451.15
3418.49	-3454.05
3419.3	-3456.95
3420.11	-3459.85
3420.92	-3462.75
3421.73	-3465.66
3422.54	-3468.56
3423.36	-3471.47
3424.17	-3474.38
3424.98	-3477.28
3425.79	-3480.19
3426.6	-3483.1
3427.41	-3486.01
3428.22	-3488.93
3429.03	-3491.84
3429.84	-3494.75
3430.65	-3497.67
3431.46	-3500.58
3432.27	-3503.5
3433.08	-3506.42
3433.89	-3509.34
3434.7	-3512.26
3435.51	-3515.18
3436.32	-3518.1
3437.13	-3521.02
3437.94	-3523.94
3438.75	-3526.87
3439.56	-3529.79
3440.37	-3532.72
3441.19	-3535.65
3442	-3538.58
3442.81	-3541.51
3443.62	-3544.44
3444.43	-3547.37
3445.24	-3550.3
3446.05	-3553.23
3446.86	-3556.17
3447.67	-3559.1
3448.48	-3562.04
3449.29	-3564.98
3450.1	-3567.92
3450.91	-3570.86
3451.72	-3573.8
3452.53	-3576.74
3453.34	-3579.68
3454.15	-3582.62
3454.96	-3585.57
3455.77	-3588.51
3456.58	-3591.46
3457.39	-3594.41
3458.2	-3597.36
3459.02	-3600.31
3459.83	-3603.26
3460.64	-3606.21
3461.45	-3609.16
3462.26	-3612.11
3463.07	-3615.07
3463.88	-3618.02
3464.69	-3620.98
3465.5	-3623.94
3466.31	-3626.89
3467.12	-3629.85
3467.93	-3632.81
3468.74	-3635.77
3469.55	-3638.74
3470.36	-3641.7
3471.17	-3644.66
3471.98	-3647.63
3472.79	-3650.6
3473.6	-3653.56
3474.41	-3656.53
3475.22	-3659.5
3476.03	-3662.47
3476.85	-3665.44
3477.66	-3668.41
3478.47	-3671.39
3479.28	-3674.36
3480.09	-3677.33
3480.9	-3680.31
3481.71	-3683.29
3482.52	-3686.27
3483.33	-3689.24
3484.14	-3692.22
3484.95	-3695.21
3485.76	-3698.19
3486.57	-3701.17
3487.38	-3704.15
3488.19	-3707.14
3489	-3710.12
3489.81	-3713.11
3490.62	-3716.1
3491.43	-3719.09
3492.24	-3722.08
3493.05	-3725.07
3493.86	-3728.06
3494.68	-3731.05
3495.49	-3734.05
3496.3	-3737.04
3497.11	-3740.04
3497.92	-3743.03
3498.73	-3746.03
3499.54	-3749.03
3500.35	-3752.03
3501.16	-3755.03
3501.97	-3758.03
3502.78	-3761.03
3503.59	-3764.04
3504.4	-3767.04
3505.21	-3770.05
3506.02	-3773.06
3506.83	-3776.06
3507.64	-3779.07
3508.45	-3782.08
3509.26	-3785.09
3510.07	-3788.1
3510.88	-3791.12
3511.69	-3794.13
3512.51	-3797.14
3513.32	-3800.16
3514.13	-3803.18
3514.94	-3806.19
3515.75	-3809.21
3516.56	-3812.23
3517.37	-3815.25
3518.18	-3818.27
3518.99	-3821.29
3519.8	-3824.32
3520.61	-3827.34
3521.42	-3830.37
3522.23	-3833.39
3523.04	-3836.42
3523.85	-3839.45
3524.66	-3842.48
3525.47	-3845.51
3526.28	-3848.54
3527.09	-3851.57
3527.9	-3854.61
3528.71	-3857.64
3529.52	-3860.67
3530.34	-3863.71
3531.15	-3866.75
3531.96	-3869.79
3532.77	-3872.83
3533.58	-3875.87
3534.39	-3878.91
3535.2	-3881.95
3536.01	-3884.99
3536.82	-3888.04
3537.63	-3891.08
3538.44	-3894.13
3539.25	-3897.17
3540.06	-3900.22
3540.87	-3903.27
3541.68	-3906.32
3542.49	-3909.37
3543.3	-3912.42
3544.11	-3915.48
3544.92	-3918.53
3545.73	-3921.59
3546.54	-3924.64
3547.35	-3927.7
3548.17	-3930.76
3548.98	-3933.82
3549.79	-3936.88
3550.6	-3939.94
3551.41	-3943
3552.22	-3946.06
3553.03	-3949.12
3553.84	-3952.19
3554.65	-3955.26
3555.46	-3958.32
3556.27	-3961.39
3557.08	-3964.46
3557.89	-3967.53
3558.7	-3970.6
3559.51	-3973.67
3560.32	-3976.74
3561.13	-3979.82
3561.94	-3982.89
3562.75	-3985.97
3563.56	-3989.04
3564.37	-3992.12
3565.18	-3995.2
3566	-3998.28
3566.81	-4001.36
3567.62	-4004.44
3568.43	-4007.52
3569.24	-4010.61
3570.05	-4013.69
3570.86	-4016.78
3571.67	-4019.86
3572.48	-4022.95
3573.29	-4026.04
3574.1	-4029.13
3574.91	-4032.22
3575.72	-4035.31
3576.53	-4038.4
3577.34	-4041.5
3578.15	-4044.59
3578.96	-4047.69
3579.77	-4050.78
3580.58	-4053.88
3581.39	-4056.98
3582.2	-4060.08
3583.01	-4063.18
3583.83	-4066.28
3584.64	-4069.38
3585.45	-4072.49
3586.26	-4075.59
3587.07	-4078.7
3587.88	-4081.8
3588.69	-4084.91
3589.5	-4088.02
3590.31	-4091.13
3591.12	-4094.24
3591.93	-4097.35
3592.74	-4100.46
3593.55	-4103.57
3594.36	-4106.69
3595.17	-4109.8
3595.98	-4112.92
3596.79	-4116.04
3597.6	-4119.15
3598.41	-4122.27
3599.22	-4125.39
3600.03	-4128.51
3600.84	-4131.64
3601.66	-4134.76
3602.47	-4137.88
3603.28	-4141.01
3604.09	-4144.13
3604.9	-4147.26
3605.71	-4150.39
3606.52	-4153.52
3607.33	-4156.65
3608.14	-4159.78
3608.95	-4162.91
3609.76	-4166.04
3610.57	-4169.18
3611.38	-4172.31
3612.19	-4175.45
3613	-4178.59
3613.81	-4181.72
3614.62	-4184.86
3615.43	-4188
3616.24	-4191.14
3617.05	-4194.29
3617.86	-4197.43
3618.67	-4200.57
3619.49	-4203.72
3620.3	-4206.86
3621.11	-4210.01
3621.92	-4213.16
3622.73	-4216.31
3623.54	-4219.45
3624.35	-4222.61
3625.16	-4225.76
3625.97	-4228.91
3626.78	-4232.06
3627.59	-4235.22
3628.4	-4238.37
3629.21	-4241.53
3630.02	-4244.69
3630.83	-4247.85
3631.64	-4251.01
3632.45	-4254.17
3633.26	-4257.33
3634.07	-4260.49
3634.88	-4263.65
3635.69	-4266.82
3636.5	-4269.98
3637.32	-4273.15
3638.13	-4276.32
3638.94	-4279.49
3639.75	-4282.66
3640.56	-4285.83
3641.37	-4289
3642.18	-4292.17
3642.99	-4295.34
3643.8	-4298.52
3644.61	-4301.69
3645.42	-4304.87
3646.23	-4308.05
3647.04	-4311.23
3647.85	-4314.4
3648.66	-4317.58
3649.47	-4320.77
3650.28	-4323.95
3651.09	-4327.13
3651.9	-4330.32
3652.71	-4333.5
3653.52	-4336.69
3654.33	-4339.87
3655.15	-4343.06
3655.96	-4346.25
3656.77	-4349.44
3657.58	-4352.63
3658.39	-4355.83
3659.2	-4359.02
3660.01	-4362.21
3660.82	-4365.41
3661.63	-4368.6
3662.44	-4371.8
3663.25	-4375
3664.06	-4378.2
3664.87	-4381.4
3665.68	-4384.6
3666.49	-4387.8
3667.3	-4391
3668.11	-4394.21
3668.92	-4397.41
3669.73	-4400.62
3670.54	-4403.83
3671.35	-4407.03
3672.16	-4410.24
3672.98	-4413.45
3673.79	-4416.66
3674.6	-4419.87
3675.41	-4423.09
3676.22	-4426.3
3677.03	-4429.52
3677.84	-4432.73
3678.65	-4435.95
3679.46	-4439.17
3680.27	-4442.39
3681.08	-4445.61
3681.89	-4448.83
3682.7	-4452.05
3683.51	-4455.27
3684.32	-4458.49
3685.13	-4461.72
3685.94	-4464.94
3686.75	-4468.17
3687.56	-4471.4
3688.37	-4474.63
3689.18	-4477.86
3689.99	-4481.09
3690.81	-4484.32
3691.62	-4487.55
3692.43	-4490.79
3693.24	-4494.02
3694.05	-4497.26
3694.86	-4500.49
3695.67	-4503.73
3696.48	-4506.97
3697.29	-4510.21
3698.1	-4513.45
3698.91	-4516.69
3699.72	-4519.93
3700.53	-4523.18
3701.34	-4526.42
3702.15	-4529.67
3702.96	-4532.91
3703.77	-4536.16
3704.58	-4539.41
3705.39	-4542.66
3706.2	-4545.91
3707.01	-4549.16
3707.82	-4552.41
3708.64	-4555.66
3709.45	-4558.92
3710.26	-4562.17
3711.07	-4565.43
3711.88	-4568.69
3712.69	-4571.95
3713.5	-4575.2
3714.31	-4578.47
3715.12	-4581.73
3715.93	-4584.99
3716.74	-4588.25
3717.55	-4591.52
3718.36	-4594.78
3719.17	-4598.05
3719.98	-4601.31
3720.79	-4604.58
3721.6	-4607.85
3722.41	-4611.12
3723.22	-4614.39
3724.03	-4617.66
3724.84	-4620.94
3725.65	-4624.21
3726.47	-4627.49
3727.28	-4630.76
3728.09	-4634.04
3728.9	-4637.32
3729.71	-4640.6
3730.52	-4643.88
3731.33	-4647.16
3732.14	-4650.44
3732.95	-4653.72
3733.76	-4657.01
3734.57	-4660.29
3735.38	-4663.58
3736.19	-4666.86
3737	-4670.15
3737.81	-4673.44
3738.62	-4676.73
3739.43	-4680.02
3740.24	-4683.31
3741.05	-4686.61
3741.86	-4689.9
3742.67	-4693.19
3743.48	-4696.49
3744.29	-4699.79
3745.11	-4703.09
3745.92	-4706.38
3746.73	-4709.68
3747.54	-4712.98
3748.35	-4716.29
3749.16	-4719.59
3749.97	-4722.89
3750.78	-4726.2
3751.59	-4729.5
3752.4	-4732.81
3753.21	-4736.12
3754.02	-4739.43
3754.83	-4742.74
3755.64	-4746.05
3756.45	-4749.36
3757.26	-4752.67
3758.07	-4755.98
3758.88	-4759.3
3759.69	-4762.61
3760.5	-4765.93
3761.31	-4769.25
3762.12	-4772.57
3762.94	-4775.89
3763.75	-4779.21
3764.56	-4782.53
3765.37	-4785.85
3766.18	-4789.17
3766.99	-4792.5
3767.8	-4795.82
3768.61	-4799.15
3769.42	-4802.48
3770.23	-4805.8
3771.04	-4809.13
3771.85	-4812.46
3772.66	-4815.8
3773.47	-4819.13
3774.28	-4822.46
3775.09	-4825.8
3775.9	-4829.13
3776.71	-4832.47
3777.52	-4835.8
3778.33	-4839.14
3779.14	-4842.48
3779.95	-4845.82
3780.77	-4849.16
3781.58	-4852.5
3782.39	-4855.85
3783.2	-4859.19
3784.01	-4862.54
3784.82	-4865.88
3785.63	-4869.23
3786.44	-4872.58
3787.25	-4875.93
3788.06	-4879.28
3788.87	-4882.63
3789.68	-4885.98
3790.49	-4889.33
3791.3	-4892.69
3792.11	-4896.04
3792.92	-4899.4
3793.73	-4902.76
3794.54	-4906.11
3795.35	-4909.47
3796.16	-4912.83
3796.97	-4916.19
3797.78	-4919.56
3798.6	-4922.92
3799.41	-4926.28
3800.22	-4929.65
3801.03	-4933.01
3801.84	-4936.38
3802.65	-4939.75
3803.46	-4943.12
3804.27	-4946.49
3805.08	-4949.86
3805.89	-4953.23
3806.7	-4956.6
3807.51	-4959.97
3808.32	-4963.35
3809.13	-4966.73
3809.94	-4970.1
3810.75	-4973.48
3811.56	-4976.86
3812.37	-4980.24
3813.18	-4983.62
3813.99	-4987
3814.8	-4990.38
3815.61	-4993.77
3816.43	-4997.15
3817.24	-5000.54
3818.05	-5003.92
3818.86	-5007.31
3819.67	-5010.7
3820.48	-5014.09
3821.29	-5017.48
3822.1	-5020.87
3822.91	-5024.26
3823.72	-5027.66
3824.53	-5031.05
3825.34	-5034.45
3826.15	-5037.84
3826.96	-5041.24
3827.77	-5044.64
3828.58	-5048.04
3829.39	-5051.44
3830.2	-5054.84
3831.01	-5058.24
3831.82	-5061.65
3832.63	-5065.05
3833.44	-5068.46
3834.26	-5071.86
3835.07	-5075.27
3835.88	-5078.68
3836.69	-5082.09
3837.5	-5085.5
3838.31	-5088.91
3839.12	-5092.32
3839.93	-5095.73
3840.74	-5099.15
3841.55	-5102.56
3842.36	-5105.98
3843.17	-5109.4
3843.98	-5112.81
3844.79	-5116.23
3845.6	-5119.65
3846.41	-5123.07
3847.22	-5126.5
3848.03	-5129.92
3848.84	-5133.34
3849.65	-5136.77
3850.46	-5140.19
3851.27	-5143.62
3852.09	-5147.05
3852.9	-5150.48
3853.71	-5153.91
3854.52	-5157.34
3855.33	-5160.77
3856.14	-5164.2
3856.95	-5167.64
3857.76	-5171.07
3858.57	-5174.51
3859.38	-5177.95
3860.19	-5181.38
3861	-5184.82
3861.81	-5188.26
3862.62	-5191.7
3863.43	-5195.15
3864.24	-5198.59
3865.05	-5202.03
3865.86	-5205.48
3866.67	-5208.92
3867.48	-5212.37
3868.29	-5215.82
3869.1	-5219.27
3869.92	-5222.72
3870.73	-5226.17
3871.54	-5229.62
3872.35	-5233.07
3873.16	-5236.52
3873.97	-5239.98
3874.78	-5243.44
3875.59	-5246.89
3876.4	-5250.35
3877.21	-5253.81
3878.02	-5257.27
3878.83	-5260.73
3879.64	-5264.19
3880.45	-5267.65
3881.26	-5271.12
3882.07	-5274.58
3882.88	-5278.05
3883.69	-5281.51
3884.5	-5284.98
3885.31	-5288.45
3886.12	-5291.92
3886.93	-5295.39
3887.75	-5298.86
3888.56	-5302.33
3889.37	-5305.81
3890.18	-5309.28
3890.99	-5312.76
3891.8	-5316.23
3892.61	-5319.71
3893.42	-5323.19
3894.23	-5326.67
3895.04	-5330.15
3895.85	-5333.63
3896.66	-5337.11
3897.47	-5340.59
3898.28	-5344.08
3899.09	-5347.56
3899.9	-5351.05
3900.71	-5354.54
3901.52	-5358.03
3902.33	-5361.51
3903.14	-5365
3903.95	-5368.5
3904.76	-5371.99
3905.58	-5375.48
3906.39	-5378.98
3907.2	-5382.47
3908.01	-5385.97
3908.82	-5389.46
3909.63	-5392.96
3910.44	-5396.46
3911.25	-5399.96
3912.06	-5403.46
3912.87	-5406.96
3913.68	-5410.47
3914.49	-5413.97
3915.3	-5417.48
3916.11	-5420.98
3916.92	-5424.49
3917.73	-5428
3918.54	-5431.51
3919.35	-5435.02
3920.16	-5438.53
3920.97	-5442.04
3921.78	-5445.55
3922.59	-5449.07
3923.41	-5452.58
3924.22	-5456.1
3925.03	-5459.61
3925.84	-5463.13
3926.65	-5466.65
3927.46	-5470.17
3928.27	-5473.69
3929.08	-5477.21
3929.89	-5480.74
3930.7	-5484.26
3931.51	-5487.78
3932.32	-5491.31
3933.13	-5494.84
3933.94	-5498.36
3934.75	-5501.89
3935.56	-5505.42
3936.37	-5508.95
3937.18	-5512.48
3937.99	-5516.02
3938.8	-5519.55
3939.61	-5523.09
3940.42	-5526.62
3941.24	-5530.16
3942.05	-5533.7
3942.86	-5537.23
3943.67	-5540.77
3944.48	-5544.31
3945.29	-5547.86
3946.1	-5551.4
3946.91	-5554.94
3947.72	-5558.49
3948.53	-5562.03
3949.34	-5565.58
3950.15	-5569.13
3950.96	-5572.67
3951.77	-5576.22
3952.58	-5579.77
3953.39	-5583.32
3954.2	-5586.88
3955.01	-5590.43
3955.82	-5593.98
3956.63	-5597.54
3957.44	-5601.1
3958.25	-5604.65
3959.07	-5608.21
3959.88	-5611.77
3960.69	-5615.33
3961.5	-5618.89
3962.31	-5622.46
3963.12	-5626.02
3963.93	-5629.58
3964.74	-5633.15
3965.55	-5636.71
3966.36	-5640.28
3967.17	-5643.85
3967.98	-5647.42
3968.79	-5650.99
3969.6	-5654.56
3970.41	-5658.13
3971.22	-5661.71
3972.03	-5665.28
3972.84	-5668.85
3973.65	-5672.43
3974.46	-5676.01
3975.27	-5679.59
3976.08	-5683.16
3976.9	-5686.74
3977.71	-5690.33
3978.52	-5693.91
3979.33	-5697.49
3980.14	-5701.07
3980.95	-5704.66
3981.76	-5708.25
3982.57	-5711.83
3983.38	-5715.42
3984.19	-5719.01
3985	-5722.6
3985.81	-5726.19
3986.62	-5729.78
3987.43	-5733.37
3988.24	-5736.97
3989.05	-5740.56
3989.86	-5744.16
3990.67	-5747.76
3991.48	-5751.35
3992.29	-5754.95
3993.1	-5758.55
3993.91	-5762.15
3994.73	-5765.75
3995.54	-5769.36
3996.35	-5772.96
3997.16	-5776.57
3997.97	-5780.17
3998.78	-5783.78
3999.59	-5787.39
4000.4	-5790.99
4001.21	-5794.6
4002.02	-5798.21
4002.83	-5801.83
4003.64	-5805.44
4004.45	-5809.05
4005.26	-5812.67
4006.07	-5816.28
4006.88	-5819.9
4007.69	-5823.52
4008.5	-5827.13
4009.31	-5830.75
4010.12	-5834.37
4010.93	-5838
4011.74	-5841.62
4012.56	-5845.24
4013.37	-5848.87
4014.18	-5852.49
4014.99	-5856.12
4015.8	-5859.75
4016.61	-5863.37
4017.42	-5867
4018.23	-5870.63
4019.04	-5874.27
4019.85	-5877.9
4020.66	-5881.53
4021.47	-5885.17
4022.28	-5888.8
4023.09	-5892.44
4023.9	-5896.07
4024.71	-5899.71
4025.52	-5903.35
4026.33	-5906.99
4027.14	-5910.63
4027.95	-5914.28
4028.76	-5917.92
4029.57	-5921.56
4030.39	-5925.21
4031.2	-5928.85
4032.01	-5932.5
4032.82	-5936.15
4033.63	-5939.8
4034.44	-5943.45
4035.25	-5947.1
4036.06	-5950.75
4036.87	-5954.4
4037.68	-5958.06
4038.49	-5961.71
4039.3	-5965.37
4040.11	-5969.03
4040.92	-5972.68
4041.73	-5976.34
4042.54	-5980
4043.35	-5983.66
4044.16	-5987.33
4044.97	-5990.99
4045.78	-5994.65
4046.59	-5998.32
4047.4	-6001.98
4048.22	-6005.65
4049.03	-6009.32
4049.84	-6012.99
4050.65	-6016.66
4051.46	-6020.33
4052.27	-6024
