0	81.0453
0.01	80.6909
0.02	80.3397
0.03	79.9918
0.04	79.6471
0.05	79.3055
0.06	78.9671
0.07	78.6317
0.08	78.2993
0.09	77.97
0.1	77.6436
0.11	77.3201
0.12	76.9995
0.13	76.6817
0.14	76.3668
0.15	76.0546
0.16	75.7451
0.17	75.4383
0.18	75.1342
0.19	74.8327
0.2	74.5338
0.21	74.2375
0.22	73.9437
0.23	73.6524
0.24	73.3636
0.25	73.0772
0.26	72.7932
0.27	72.5116
0.28	72.2324
0.29	71.9554
0.3	71.6808
0.31	71.4084
0.32	71.1383
0.33	70.8703
0.34	70.6046
0.35	70.341
0.36	70.0796
0.37	69.8202
0.38	69.563
0.39	69.3078
0.4	69.0546
0.41	68.8034
0.42	68.5543
0.43	68.3071
0.44	68.0618
0.45	67.8185
0.46	67.577
0.47	67.3375
0.48	67.0998
0.49	66.8639
0.5	66.6299
0.51	66.3976
0.52	66.1671
0.53	65.9384
0.54	65.7114
0.55	65.4861
0.56	65.2625
0.57	65.0406
0.58	64.8204
0.59	64.6018
0.6	64.3849
0.61	64.1695
0.62	63.9557
0.63	63.7435
0.64	63.5329
0.65	63.3238
0.66	63.1162
0.67	62.9102
0.68	62.7056
0.69	62.5025
0.7	62.3009
0.71	62.1007
0.72	61.902
0.73	61.7046
0.74	61.5087
0.75	61.3142
0.76	61.121
0.77	60.9292
0.78	60.7387
0.79	60.5496
0.8	60.3618
0.81	60.1753
0.82	59.9901
0.83	59.8061
0.84	59.6235
0.85	59.4421
0.86	59.2619
0.87	59.083
0.88	58.9052
0.89	58.7287
0.9	58.5534
0.91	58.3793
0.92	58.2063
0.93	58.0345
0.94	57.8639
0.95	57.6944
0.96	57.526
0.97	57.3587
0.98	57.1925
0.99	57.0275
1	56.8635
1.01	56.7006
1.02	56.5387
1.03	56.378
1.04	56.2182
1.05	56.0595
1.06	55.9018
1.07	55.7452
1.08	55.5895
1.09	55.4349
1.1	55.2812
1.11	55.1285
1.12	54.9768
1.13	54.826
1.14	54.6762
1.15	54.5274
1.16	54.3794
1.17	54.2325
1.18	54.0864
1.19	53.9412
1.2	53.797
1.21	53.6536
1.22	53.5111
1.23	53.3695
1.24	53.2288
1.25	53.089
1.26	52.95
1.27	52.8118
1.28	52.6745
1.29	52.538
1.3	52.4024
1.31	52.2676
1.32	52.1336
1.33	52.0004
1.34	51.868
1.35	51.7364
1.36	51.6055
1.37	51.4755
1.38	51.3462
1.39	51.2177
1.4	51.09
1.41	50.963
1.42	50.8368
1.43	50.7113
1.44	50.5865
1.45	50.4625
1.46	50.3392
1.47	50.2166
1.48	50.0947
1.49	49.9735
1.5	49.8531
1.51	49.7333
1.52	49.6142
1.53	49.4958
1.54	49.378
1.55	49.261
1.56	49.1446
1.57	49.0289
1.58	48.9138
1.59	48.7994
1.6	48.6856
1.61	48.5725
1.62	48.46
1.63	48.3481
1.64	48.2369
1.65	48.1262
1.66	48.0162
1.67	47.9068
1.68	47.7981
1.69	47.6899
1.7	47.5823
1.71	47.4753
1.72	47.3689
1.73	47.2631
1.74	47.1578
1.75	47.0531
1.76	46.9491
1.77	46.8455
1.78	46.7425
1.79	46.6401
1.8	46.5383
1.81	46.437
1.82	46.3362
1.83	46.236
1.84	46.1363
1.85	46.0371
1.86	45.9385
1.87	45.8404
1.88	45.7428
1.89	45.6458
1.9	45.5492
1.91	45.4532
1.92	45.3576
1.93	45.2626
1.94	45.1681
1.95	45.074
1.96	44.9805
1.97	44.8874
1.98	44.7949
1.99	44.7028
2	44.6112
2.01	44.52
2.02	44.4294
2.03	44.3392
2.04	44.2494
2.05	44.1602
2.06	44.0713
2.07	43.983
2.08	43.8951
2.09	43.8076
2.1	43.7206
2.11	43.634
2.12	43.5479
2.13	43.4621
2.14	43.3769
2.15	43.292
2.16	43.2076
2.17	43.1236
2.18	43.0401
2.19	42.9569
2.2	42.8742
2.21	42.7918
2.22	42.7099
2.23	42.6284
2.24	42.5473
2.25	42.4666
2.26	42.3863
2.27	42.3064
2.28	42.2269
2.29	42.1477
2.3	42.069
2.31	41.9906
2.32	41.9127
2.33	41.8351
2.34	41.7578
2.35	41.681
2.36	41.6045
2.37	41.5284
2.38	41.4527
2.39	41.3773
2.4	41.3023
2.41	41.2277
2.42	41.1534
2.43	41.0795
2.44	41.0059
2.45	40.9327
2.46	40.8598
2.47	40.7873
2.48	40.7151
2.49	40.6432
2.5	40.5717
2.51	40.5006
2.52	40.4297
2.53	40.3592
2.54	40.2891
2.55	40.2192
2.56	40.1497
2.57	40.0805
2.58	40.0117
2.59	39.9431
2.6	39.8749
2.61	39.807
2.62	39.7394
2.63	39.6721
2.64	39.6052
2.65	39.5385
2.66	39.4722
2.67	39.4061
2.68	39.3404
2.69	39.2749
2.7	39.2098
2.71	39.1449
2.72	39.0804
2.73	39.0161
2.74	38.9522
2.75	38.8885
2.76	38.8251
2.77	38.762
2.78	38.6992
2.79	38.6367
2.8	38.5744
2.81	38.5124
2.82	38.4508
2.83	38.3893
2.84	38.3282
2.85	38.2673
2.86	38.2067
2.87	38.1464
2.88	38.0863
2.89	38.0266
2.9	37.967
2.91	37.9078
2.92	37.8488
2.93	37.79
2.94	37.7315
2.95	37.6733
2.96	37.6153
2.97	37.5576
2.98	37.5002
2.99	37.4429
3	37.386
3.01	37.3293
3.02	37.2728
3.03	37.2166
3.04	37.1606
3.05	37.1049
3.06	37.0494
3.07	36.9941
3.08	36.9391
3.09	36.8843
3.1	36.8298
3.11	36.7754
3.12	36.7214
3.13	36.6675
3.14	36.6139
3.15	36.5605
3.16	36.5073
3.17	36.4544
3.18	36.4017
3.19	36.3492
3.2	36.2969
3.21	36.2449
3.22	36.1931
3.23	36.1414
3.24	36.09
3.25	36.0389
3.26	35.9879
3.27	35.9372
3.28	35.8866
3.29	35.8363
3.3	35.7862
3.31	35.7363
3.32	35.6866
3.33	35.6371
3.34	35.5878
3.35	35.5387
3.36	35.4898
3.37	35.4411
3.38	35.3927
3.39	35.3444
3.4	35.2963
3.41	35.2484
3.42	35.2007
3.43	35.1532
3.44	35.1059
3.45	35.0588
3.46	35.0119
3.47	34.9651
3.48	34.9186
3.49	34.8723
3.5	34.8261
3.51	34.7801
3.52	34.7343
3.53	34.6887
3.54	34.6433
3.55	34.5981
3.56	34.553
3.57	34.5081
3.58	34.4634
3.59	34.4189
3.6	34.3745
3.61	34.3304
3.62	34.2864
3.63	34.2426
3.64	34.1989
3.65	34.1554
3.66	34.1121
3.67	34.069
3.68	34.026
3.69	33.9832
3.7	33.9406
3.71	33.8981
3.72	33.8558
3.73	33.8137
3.74	33.7717
3.75	33.7299
3.76	33.6883
3.77	33.6468
3.78	33.6055
3.79	33.5643
3.8	33.5233
3.81	33.4825
3.82	33.4418
3.83	33.4013
3.84	33.3609
3.85	33.3207
3.86	33.2806
3.87	33.2407
3.88	33.2009
3.89	33.1613
3.9	33.1219
3.91	33.0826
3.92	33.0434
3.93	33.0044
3.94	32.9655
3.95	32.9268
3.96	32.8882
3.97	32.8498
3.98	32.8115
3.99	32.7733
4	32.7353
4.01	32.6975
4.02	32.6597
4.03	32.6222
4.04	32.5847
4.05	32.5474
4.06	32.5102
4.07	32.4732
4.08	32.4363
4.09	32.3996
4.1	32.3629
4.11	32.3264
4.12	32.2901
4.13	32.2538
4.14	32.2178
4.15	32.1818
4.16	32.146
4.17	32.1103
4.18	32.0747
4.19	32.0392
4.2	32.0039
4.21	31.9687
4.22	31.9337
4.23	31.8987
4.24	31.8639
4.25	31.8292
4.26	31.7946
4.27	31.7602
4.28	31.7259
4.29	31.6917
4.3	31.6576
4.31	31.6236
4.32	31.5898
4.33	31.556
4.34	31.5224
4.35	31.4889
4.36	31.4556
4.37	31.4223
4.38	31.3892
4.39	31.3561
4.4	31.3232
4.41	31.2904
4.42	31.2577
4.43	31.2251
4.44	31.1927
4.45	31.1603
4.46	31.1281
4.47	31.0959
4.48	31.0639
4.49	31.032
4.5	31.0002
4.51	30.9685
4.52	30.9369
4.53	30.9054
4.54	30.874
4.55	30.8427
4.56	30.8115
4.57	30.7805
4.58	30.7495
4.59	30.7186
4.6	30.6878
4.61	30.6572
4.62	30.6266
4.63	30.5961
4.64	30.5658
4.65	30.5355
4.66	30.5053
4.67	30.4753
4.68	30.4453
4.69	30.4154
4.7	30.3856
4.71	30.3559
4.72	30.3263
4.73	30.2968
4.74	30.2674
4.75	30.2381
4.76	30.2089
4.77	30.1798
4.78	30.1507
4.79	30.1218
4.8	30.0929
4.81	30.0642
4.82	30.0355
4.83	30.0069
4.84	29.9784
4.85	29.95
4.86	29.9217
4.87	29.8934
4.88	29.8653
4.89	29.8372
4.9	29.8092
4.91	29.7813
4.92	29.7535
4.93	29.7258
4.94	29.6981
4.95	29.6706
4.96	29.6431
4.97	29.6157
4.98	29.5883
4.99	29.5611
5	29.5339
5.01	29.5069
5.02	29.4798
5.03	29.4529
5.04	29.4261
5.05	29.3993
5.06	29.3726
5.07	29.346
5.08	29.3194
5.09	29.293
5.1	29.2666
5.11	29.2403
5.12	29.214
5.13	29.1878
5.14	29.1618
5.15	29.1357
5.16	29.1098
5.17	29.0839
5.18	29.0581
5.19	29.0323
5.2	29.0067
5.21	28.9811
5.22	28.9555
5.23	28.9301
5.24	28.9047
5.25	28.8793
5.26	28.8541
5.27	28.8289
5.28	28.8037
5.29	28.7787
5.3	28.7537
5.31	28.7287
5.32	28.7039
5.33	28.6791
5.34	28.6543
5.35	28.6296
5.36	28.605
5.37	28.5805
5.38	28.556
5.39	28.5315
5.4	28.5072
5.41	28.4828
5.42	28.4586
5.43	28.4344
5.44	28.4103
5.45	28.3862
5.46	28.3622
5.47	28.3382
5.48	28.3143
5.49	28.2905
5.5	28.2667
5.51	28.2429
5.52	28.2192
5.53	28.1956
5.54	28.172
5.55	28.1485
5.56	28.1251
5.57	28.1017
5.58	28.0783
5.59	28.055
5.6	28.0317
5.61	28.0085
5.62	27.9854
5.63	27.9623
5.64	27.9392
5.65	27.9162
5.66	27.8933
5.67	27.8704
5.68	27.8475
5.69	27.8247
5.7	27.8019
5.71	27.7792
5.72	27.7566
5.73	27.734
5.74	27.7114
5.75	27.6889
5.76	27.6664
5.77	27.6439
5.78	27.6215
5.79	27.5992
5.8	27.5769
5.81	27.5546
5.82	27.5324
5.83	27.5102
5.84	27.4881
5.85	27.466
5.86	27.444
5.87	27.4219
5.88	27.4
5.89	27.378
5.9	27.3562
5.91	27.3343
5.92	27.3125
5.93	27.2907
5.94	27.269
5.95	27.2473
5.96	27.2256
5.97	27.204
5.98	27.1824
5.99	27.1609
6	27.1394
6.01	27.1179
6.02	27.0964
6.03	27.075
6.04	27.0537
6.05	27.0323
6.06	27.011
6.07	26.9897
6.08	26.9685
6.09	26.9473
6.1	26.9261
6.11	26.905
6.12	26.8839
6.13	26.8628
6.14	26.8417
6.15	26.8207
6.16	26.7997
6.17	26.7788
6.18	26.7578
6.19	26.7369
6.2	26.7161
6.21	26.6952
6.22	26.6744
6.23	26.6536
6.24	26.6328
6.25	26.6121
6.26	26.5914
6.27	26.5707
6.28	26.5501
6.29	26.5294
6.3	26.5088
6.31	26.4883
6.32	26.4677
6.33	26.4472
6.34	26.4267
6.35	26.4062
6.36	26.3857
6.37	26.3653
6.38	26.3449
6.39	26.3245
6.4	26.3041
6.41	26.2838
6.42	26.2634
6.43	26.2431
6.44	26.2229
6.45	26.2026
6.46	26.1824
6.47	26.1621
6.48	26.1419
6.49	26.1217
6.5	26.1016
6.51	26.0814
6.52	26.0613
6.53	26.0412
6.54	26.0211
6.55	26.001
6.56	25.981
6.57	25.9609
6.58	25.9409
6.59	25.9209
6.6	25.9009
6.61	25.881
6.62	25.861
6.63	25.8411
6.64	25.8211
6.65	25.8012
6.66	25.7813
6.67	25.7614
6.68	25.7416
6.69	25.7217
6.7	25.7019
6.71	25.682
6.72	25.6622
6.73	25.6424
6.74	25.6226
6.75	25.6028
6.76	25.5831
6.77	25.5633
6.78	25.5436
6.79	25.5238
6.8	25.5041
6.81	25.4844
6.82	25.4647
6.83	25.445
6.84	25.4253
6.85	25.4057
6.86	25.386
6.87	25.3663
6.88	25.3467
6.89	25.3271
6.9	25.3074
6.91	25.2878
6.92	25.2682
6.93	25.2486
6.94	25.229
6.95	25.2094
6.96	25.1898
6.97	25.1702
6.98	25.1507
6.99	25.1311
7	25.1116
7.01	25.092
7.02	25.0725
7.03	25.0529
7.04	25.0334
7.05	25.0139
7.06	24.9943
7.07	24.9748
7.08	24.9553
7.09	24.9358
7.1	24.9163
7.11	24.8968
7.12	24.8773
7.13	24.8578
7.14	24.8383
7.15	24.8188
7.16	24.7993
7.17	24.7798
7.18	24.7604
7.19	24.7409
7.2	24.7214
7.21	24.7019
7.22	24.6825
7.23	24.663
7.24	24.6435
7.25	24.6241
7.26	24.6046
7.27	24.5851
7.28	24.5657
7.29	24.5462
7.3	24.5267
7.31	24.5073
7.32	24.4878
7.33	24.4684
7.34	24.4489
7.35	24.4294
7.36	24.41
7.37	24.3905
7.38	24.371
7.39	24.3516
7.4	24.3321
7.41	24.3126
7.42	24.2932
7.43	24.2737
7.44	24.2542
7.45	24.2348
7.46	24.2153
7.47	24.1958
7.48	24.1763
7.49	24.1568
7.5	24.1374
7.51	24.1179
7.52	24.0984
7.53	24.0789
7.54	24.0594
7.55	24.0399
7.56	24.0204
7.57	24.0009
7.58	23.9814
7.59	23.9619
7.6	23.9424
7.61	23.9228
7.62	23.9033
7.63	23.8838
7.64	23.8643
7.65	23.8447
7.66	23.8252
7.67	23.8057
7.68	23.7861
7.69	23.7666
7.7	23.747
7.71	23.7274
7.72	23.7079
7.73	23.6883
7.74	23.6687
7.75	23.6491
7.76	23.6296
7.77	23.61
7.78	23.5904
7.79	23.5708
7.8	23.5512
7.81	23.5315
7.82	23.5119
7.83	23.4923
7.84	23.4727
7.85	23.453
7.86	23.4334
7.87	23.4137
7.88	23.3941
7.89	23.3744
7.9	23.3548
7.91	23.3351
7.92	23.3154
7.93	23.2957
7.94	23.276
7.95	23.2563
7.96	23.2366
7.97	23.2169
7.98	23.1972
7.99	23.1774
8	23.1577
8.01	23.138
8.02	23.1182
8.03	23.0985
8.04	23.0787
8.05	23.0589
8.06	23.0391
8.07	23.0194
8.08	22.9996
8.09	22.9798
8.1	22.96
8.11	22.9401
8.12	22.9203
8.13	22.9005
8.14	22.8807
8.15	22.8608
8.16	22.841
8.17	22.8211
8.18	22.8012
8.19	22.7813
8.2	22.7615
8.21	22.7416
8.22	22.7217
8.23	22.7018
8.24	22.6818
8.25	22.6619
8.26	22.642
8.27	22.622
8.28	22.6021
8.29	22.5821
8.3	22.5622
8.31	22.5422
8.32	22.5222
8.33	22.5022
8.34	22.4822
8.35	22.4622
8.36	22.4422
8.37	22.4222
8.38	22.4022
8.39	22.3821
8.4	22.3621
8.41	22.342
8.42	22.322
8.43	22.3019
8.44	22.2818
8.45	22.2617
8.46	22.2416
8.47	22.2215
8.48	22.2014
8.49	22.1813
8.5	22.1612
8.51	22.141
8.52	22.1209
8.53	22.1007
8.54	22.0806
8.55	22.0604
8.56	22.0402
8.57	22.02
8.58	21.9998
8.59	21.9796
8.6	21.9594
8.61	21.9392
8.62	21.919
8.63	21.8988
8.64	21.8785
8.65	21.8583
8.66	21.838
8.67	21.8177
8.68	21.7975
8.69	21.7772
8.7	21.7569
8.71	21.7366
8.72	21.7163
8.73	21.6959
8.74	21.6756
8.75	21.6553
8.76	21.6349
8.77	21.6146
8.78	21.5942
8.79	21.5739
8.8	21.5535
8.81	21.5331
8.82	21.5127
8.83	21.4923
8.84	21.4719
8.85	21.4515
8.86	21.4311
8.87	21.4107
8.88	21.3902
8.89	21.3698
8.9	21.3494
8.91	21.3289
8.92	21.3084
8.93	21.288
8.94	21.2675
8.95	21.247
8.96	21.2265
8.97	21.206
8.98	21.1855
8.99	21.165
9	21.1444
9.01	21.1239
9.02	21.1034
9.03	21.0828
9.04	21.0623
9.05	21.0417
9.06	21.0212
9.07	21.0006
9.08	20.98
9.09	20.9594
9.1	20.9388
9.11	20.9182
9.12	20.8976
9.13	20.877
9.14	20.8564
9.15	20.8358
9.16	20.8151
9.17	20.7945
9.18	20.7738
9.19	20.7532
9.2	20.7325
9.21	20.7119
9.22	20.6912
9.23	20.6705
9.24	20.6498
9.25	20.6291
9.26	20.6084
9.27	20.5877
9.28	20.567
9.29	20.5463
9.3	20.5256
9.31	20.5049
9.32	20.4841
9.33	20.4634
9.34	20.4427
9.35	20.4219
9.36	20.4012
9.37	20.3804
9.38	20.3596
9.39	20.3389
9.4	20.3181
9.41	20.2973
9.42	20.2765
9.43	20.2557
9.44	20.2349
9.45	20.2141
9.46	20.1933
9.47	20.1725
9.48	20.1517
9.49	20.1309
9.5	20.1101
9.51	20.0892
9.52	20.0684
9.53	20.0476
9.54	20.0267
9.55	20.0059
9.56	19.985
9.57	19.9642
9.58	19.9433
9.59	19.9224
9.6	19.9016
9.61	19.8807
9.62	19.8598
9.63	19.8389
9.64	19.8181
9.65	19.7972
9.66	19.7763
9.67	19.7554
9.68	19.7345
9.69	19.7136
9.7	19.6927
9.71	19.6718
9.72	19.6509
9.73	19.6299
9.74	19.609
9.75	19.5881
9.76	19.5672
9.77	19.5463
9.78	19.5253
9.79	19.5044
9.8	19.4835
9.81	19.4625
9.82	19.4416
9.83	19.4206
9.84	19.3997
9.85	19.3787
9.86	19.3578
9.87	19.3368
9.88	19.3159
9.89	19.2949
9.9	19.274
9.91	19.253
9.92	19.232
9.93	19.2111
9.94	19.1901
9.95	19.1691
9.96	19.1482
9.97	19.1272
9.98	19.1062
9.99	19.0853
10	19.0643
