0	126.221
0.01	125.57
0.02	124.925
0.03	124.285
0.04	123.651
0.05	123.022
0.06	122.398
0.07	121.779
0.08	121.166
0.09	120.558
0.1	119.954
0.11	119.356
0.12	118.762
0.13	118.173
0.14	117.589
0.15	117.01
0.16	116.435
0.17	115.865
0.18	115.299
0.19	114.738
0.2	114.181
0.21	113.628
0.22	113.08
0.23	112.536
0.24	111.996
0.25	111.46
0.26	110.928
0.27	110.4
0.28	109.876
0.29	109.356
0.3	108.84
0.31	108.328
0.32	107.819
0.33	107.314
0.34	106.813
0.35	106.316
0.36	105.822
0.37	105.332
0.38	104.845
0.39	104.362
0.4	103.882
0.41	103.405
0.42	102.932
0.43	102.462
0.44	101.996
0.45	101.532
0.46	101.072
0.47	100.615
0.48	100.161
0.49	99.7104
0.5	99.2626
0.51	98.8179
0.52	98.3762
0.53	97.9374
0.54	97.5016
0.55	97.0686
0.56	96.6385
0.57	96.2112
0.58	95.7868
0.59	95.3651
0.6	94.9461
0.61	94.5298
0.62	94.1162
0.63	93.7052
0.64	93.2969
0.65	92.8911
0.66	92.4879
0.67	92.0873
0.68	91.6891
0.69	91.2935
0.7	90.9003
0.71	90.5095
0.72	90.1211
0.73	89.7351
0.74	89.3515
0.75	88.9702
0.76	88.5912
0.77	88.2145
0.78	87.84
0.79	87.4678
0.8	87.0978
0.81	86.73
0.82	86.3644
0.83	86.0009
0.84	85.6395
0.85	85.2802
0.86	84.923
0.87	84.5679
0.88	84.2149
0.89	83.8638
0.9	83.5148
0.91	83.1677
0.92	82.8226
0.93	82.4794
0.94	82.1382
0.95	81.7989
0.96	81.4614
0.97	81.1259
0.98	80.7922
0.99	80.4603
1	80.1302
1.01	79.8019
1.02	79.4755
1.03	79.1508
1.04	78.8278
1.05	78.5066
1.06	78.187
1.07	77.8692
1.08	77.5531
1.09	77.2386
1.1	76.9258
1.11	76.6146
1.12	76.3051
1.13	75.9972
1.14	75.6908
1.15	75.386
1.16	75.0828
1.17	74.7812
1.18	74.4811
1.19	74.1825
1.2	73.8854
1.21	73.5898
1.22	73.2957
1.23	73.003
1.24	72.7119
1.25	72.4221
1.26	72.1338
1.27	71.8469
1.28	71.5614
1.29	71.2773
1.3	70.9946
1.31	70.7132
1.32	70.4332
1.33	70.1546
1.34	69.8772
1.35	69.6012
1.36	69.3265
1.37	69.0531
1.38	68.781
1.39	68.5102
1.4	68.2406
1.41	67.9723
1.42	67.7052
1.43	67.4394
1.44	67.1748
1.45	66.9114
1.46	66.6492
1.47	66.3882
1.48	66.1283
1.49	65.8697
1.5	65.6122
1.51	65.3558
1.52	65.1006
1.53	64.8466
1.54	64.5936
1.55	64.3418
1.56	64.0911
1.57	63.8415
1.58	63.5929
1.59	63.3455
1.6	63.0991
1.61	62.8537
1.62	62.6095
1.63	62.3662
1.64	62.124
1.65	61.8829
1.66	61.6427
1.67	61.4036
1.68	61.1655
1.69	60.9283
1.7	60.6922
1.71	60.457
1.72	60.2228
1.73	59.9895
1.74	59.7573
1.75	59.5259
1.76	59.2955
1.77	59.0661
1.78	58.8375
1.79	58.6099
1.8	58.3832
1.81	58.1574
1.82	57.9325
1.83	57.7085
1.84	57.4854
1.85	57.2632
1.86	57.0418
1.87	56.8213
1.88	56.6016
1.89	56.3828
1.9	56.1649
1.91	55.9477
1.92	55.7315
1.93	55.516
1.94	55.3013
1.95	55.0875
1.96	54.8745
1.97	54.6623
1.98	54.4508
1.99	54.2402
2	54.0303
2.01	53.8212
2.02	53.6129
2.03	53.4054
2.04	53.1986
2.05	52.9926
2.06	52.7873
2.07	52.5827
2.08	52.3789
2.09	52.1759
2.1	51.9735
2.11	51.7719
2.12	51.571
2.13	51.3708
2.14	51.1713
2.15	50.9725
2.16	50.7744
2.17	50.577
2.18	50.3803
2.19	50.1843
2.2	49.9889
2.21	49.7942
2.22	49.6002
2.23	49.4069
2.24	49.2142
2.25	49.0221
2.26	48.8307
2.27	48.6399
2.28	48.4498
2.29	48.2603
2.3	48.0715
2.31	47.8832
2.32	47.6956
2.33	47.5086
2.34	47.3222
2.35	47.1364
2.36	46.9513
2.37	46.7667
2.38	46.5827
2.39	46.3993
2.4	46.2165
2.41	46.0343
2.42	45.8526
2.43	45.6716
2.44	45.4911
2.45	45.3111
2.46	45.1318
2.47	44.9529
2.48	44.7747
2.49	44.597
2.5	44.4198
2.51	44.2432
2.52	44.0671
2.53	43.8916
2.54	43.7166
2.55	43.5421
2.56	43.3681
2.57	43.1947
2.58	43.0218
2.59	42.8494
2.6	42.6775
2.61	42.5061
2.62	42.3353
2.63	42.1649
2.64	41.995
2.65	41.8256
2.66	41.6567
2.67	41.4883
2.68	41.3204
2.69	41.153
2.7	40.986
2.71	40.8195
2.72	40.6535
2.73	40.488
2.74	40.3229
2.75	40.1583
2.76	39.9941
2.77	39.8304
2.78	39.6672
2.79	39.5044
2.8	39.3421
2.81	39.1802
2.82	39.0187
2.83	38.8577
2.84	38.6971
2.85	38.5369
2.86	38.3772
2.87	38.2179
2.88	38.059
2.89	37.9006
2.9	37.7426
2.91	37.5849
2.92	37.4277
2.93	37.271
2.94	37.1146
2.95	36.9586
2.96	36.803
2.97	36.6479
2.98	36.4931
2.99	36.3387
3	36.1847
3.01	36.0311
3.02	35.8779
3.03	35.7251
3.04	35.5727
3.05	35.4206
3.06	35.2689
3.07	35.1176
3.08	34.9667
3.09	34.8162
3.1	34.666
3.11	34.5161
3.12	34.3667
3.13	34.2176
3.14	34.0689
3.15	33.9205
3.16	33.7724
3.17	33.6248
3.18	33.4775
3.19	33.3305
3.2	33.1839
3.21	33.0376
3.22	32.8916
3.23	32.746
3.24	32.6008
3.25	32.4558
3.26	32.3112
3.27	32.167
3.28	32.023
3.29	31.8794
3.3	31.7361
3.31	31.5932
3.32	31.4505
3.33	31.3082
3.34	31.1662
3.35	31.0245
3.36	30.8832
3.37	30.7421
3.38	30.6013
3.39	30.4609
3.4	30.3208
3.41	30.1809
3.42	30.0414
3.43	29.9021
3.44	29.7632
3.45	29.6246
3.46	29.4862
3.47	29.3482
3.48	29.2104
3.49	29.0729
3.5	28.9357
3.51	28.7988
3.52	28.6622
3.53	28.5259
3.54	28.3898
3.55	28.2541
3.56	28.1186
3.57	27.9833
3.58	27.8484
3.59	27.7137
3.6	27.5793
3.61	27.4452
3.62	27.3113
3.63	27.1777
3.64	27.0444
3.65	26.9113
3.66	26.7785
3.67	26.6459
3.68	26.5136
3.69	26.3815
3.7	26.2497
3.71	26.1182
3.72	25.9869
3.73	25.8559
3.74	25.7251
3.75	25.5945
3.76	25.4643
3.77	25.3342
3.78	25.2044
3.79	25.0748
3.8	24.9455
3.81	24.8164
3.82	24.6875
3.83	24.5589
3.84	24.4305
3.85	24.3024
3.86	24.1744
3.87	24.0468
3.88	23.9193
3.89	23.7921
3.9	23.665
3.91	23.5383
3.92	23.4117
3.93	23.2853
3.94	23.1592
3.95	23.0333
3.96	22.9076
3.97	22.7822
3.98	22.6569
3.99	22.5319
4	22.407
4.01	22.2824
4.02	22.158
4.03	22.0338
4.04	21.9098
4.05	21.786
4.06	21.6625
4.07	21.5391
4.08	21.4159
4.09	21.2929
4.1	21.1702
4.11	21.0476
4.12	20.9252
4.13	20.8031
4.14	20.6811
4.15	20.5593
4.16	20.4377
4.17	20.3163
4.18	20.1951
4.19	20.0741
4.2	19.9532
4.21	19.8326
4.22	19.7121
4.23	19.5919
4.24	19.4718
4.25	19.3519
4.26	19.2322
4.27	19.1126
4.28	18.9933
4.29	18.8741
4.3	18.7551
4.31	18.6363
4.32	18.5176
4.33	18.3992
4.34	18.2809
4.35	18.1627
4.36	18.0448
4.37	17.927
4.38	17.8094
4.39	17.692
4.4	17.5747
4.41	17.4576
4.42	17.3406
4.43	17.2239
4.44	17.1073
4.45	16.9908
4.46	16.8745
4.47	16.7584
4.48	16.6425
4.49	16.5267
4.5	16.411
4.51	16.2955
4.52	16.1802
4.53	16.065
4.54	15.95
4.55	15.8352
4.56	15.7204
4.57	15.6059
4.58	15.4915
4.59	15.3772
4.6	15.2631
4.61	15.1492
4.62	15.0354
4.63	14.9217
4.64	14.8082
4.65	14.6948
4.66	14.5816
4.67	14.4686
4.68	14.3556
4.69	14.2428
4.7	14.1302
4.71	14.0177
4.72	13.9053
4.73	13.7931
4.74	13.681
4.75	13.569
4.76	13.4572
4.77	13.3456
4.78	13.234
4.79	13.1226
4.8	13.0113
4.81	12.9002
4.82	12.7892
4.83	12.6783
4.84	12.5676
4.85	12.457
4.86	12.3465
4.87	12.2361
4.88	12.1259
4.89	12.0158
4.9	11.9058
4.91	11.796
4.92	11.6863
4.93	11.5767
4.94	11.4672
4.95	11.3579
4.96	11.2487
4.97	11.1396
4.98	11.0306
4.99	10.9217
5	10.813
5.01	10.7044
5.02	10.5959
5.03	10.4875
5.04	10.3792
5.05	10.2711
5.06	10.1631
5.07	10.0552
5.08	9.94737
5.09	9.83969
5.1	9.73213
5.11	9.62467
5.12	9.51733
5.13	9.41011
5.14	9.30299
5.15	9.19599
5.16	9.0891
5.17	8.98232
5.18	8.87565
5.19	8.76908
5.2	8.66263
5.21	8.55628
5.22	8.45004
5.23	8.34391
5.24	8.23789
5.25	8.13197
5.26	8.02615
5.27	7.92045
5.28	7.81484
5.29	7.70934
5.3	7.60394
5.31	7.49865
5.32	7.39346
5.33	7.28837
5.34	7.18338
5.35	7.07849
5.36	6.97371
5.37	6.86902
5.38	6.76443
5.39	6.65994
5.4	6.55555
5.41	6.45126
5.42	6.34707
5.43	6.24297
5.44	6.13898
5.45	6.03507
5.46	5.93127
5.47	5.82755
5.48	5.72394
5.49	5.62042
5.5	5.51699
5.51	5.41366
5.52	5.31042
5.53	5.20727
5.54	5.10422
5.55	5.00126
5.56	4.89839
5.57	4.79561
5.58	4.69293
5.59	4.59033
5.6	4.48783
5.61	4.38541
5.62	4.28309
5.63	4.18085
5.64	4.0787
5.65	3.97665
5.66	3.87468
5.67	3.7728
5.68	3.671
5.69	3.5693
5.7	3.46768
5.71	3.36614
5.72	3.2647
5.73	3.16334
5.74	3.06206
5.75	2.96087
5.76	2.85977
5.77	2.75875
5.78	2.65781
5.79	2.55696
5.8	2.4562
5.81	2.35552
5.82	2.25492
5.83	2.1544
5.84	2.05397
5.85	1.95362
5.86	1.85335
5.87	1.75316
5.88	1.65306
5.89	1.55303
5.9	1.45309
5.91	1.35323
5.92	1.25345
5.93	1.15375
5.94	1.05413
5.95	0.954594
5.96	0.855135
5.97	0.755756
5.98	0.656456
5.99	0.557236
6	0.458094
6.01	0.359032
6.02	0.260048
6.03	0.161142
6.04	0.0623153
6.05	-0.0364339
6.06	-0.135105
6.07	-0.233699
6.08	-0.332215
6.09	-0.430654
6.1	-0.529015
6.11	-0.6273
6.12	-0.725508
6.13	-0.823639
6.14	-0.921693
6.15	-1.01967
6.16	-1.11757
6.17	-1.2154
6.18	-1.31315
6.19	-1.41082
6.2	-1.50842
6.21	-1.60595
6.22	-1.70339
6.23	-1.80077
6.24	-1.89806
6.25	-1.99529
6.26	-2.09243
6.27	-2.18951
6.28	-2.2865
6.29	-2.38343
6.3	-2.48028
6.31	-2.57705
6.32	-2.67375
6.33	-2.77038
6.34	-2.86693
6.35	-2.96341
6.36	-3.05981
6.37	-3.15614
6.38	-3.2524
6.39	-3.34858
6.4	-3.44469
6.41	-3.54072
6.42	-3.63669
6.43	-3.73258
6.44	-3.82839
6.45	-3.92413
6.46	-4.0198
6.47	-4.1154
6.48	-4.21092
6.49	-4.30637
6.5	-4.40174
6.51	-4.49705
6.52	-4.59228
6.53	-4.68743
6.54	-4.78252
6.55	-4.87753
6.56	-4.97246
6.57	-5.06733
6.58	-5.16212
6.59	-5.25684
6.6	-5.35149
6.61	-5.44606
6.62	-5.54056
6.63	-5.63499
6.64	-5.72934
6.65	-5.82362
6.66	-5.91783
6.67	-6.01197
6.68	-6.10603
6.69	-6.20002
6.7	-6.29394
6.71	-6.38778
6.72	-6.48155
6.73	-6.57525
6.74	-6.66888
6.75	-6.76243
6.76	-6.85591
6.77	-6.94931
6.78	-7.04264
6.79	-7.1359
6.8	-7.22909
6.81	-7.3222
6.82	-7.41524
6.83	-7.50821
6.84	-7.6011
6.85	-7.69392
6.86	-7.78666
6.87	-7.87933
6.88	-7.97193
6.89	-8.06446
6.9	-8.15691
6.91	-8.24928
6.92	-8.34158
6.93	-8.43381
6.94	-8.52597
6.95	-8.61805
6.96	-8.71005
6.97	-8.80198
6.98	-8.89384
6.99	-8.98562
7	-9.07733
7.01	-9.16896
7.02	-9.26052
7.03	-9.352
7.04	-9.44341
7.05	-9.53474
7.06	-9.626
7.07	-9.71718
7.08	-9.80829
7.09	-9.89932
7.1	-9.99028
7.11	-10.0812
7.12	-10.172
7.13	-10.2627
7.14	-10.3533
7.15	-10.4439
7.16	-10.5344
7.17	-10.6248
7.18	-10.7152
7.19	-10.8055
7.2	-10.8957
7.21	-10.9858
7.22	-11.0758
7.23	-11.1658
7.24	-11.2557
7.25	-11.3455
7.26	-11.4352
7.27	-11.5249
7.28	-11.6144
7.29	-11.7039
7.3	-11.7934
7.31	-11.8827
7.32	-11.972
7.33	-12.0611
7.34	-12.1503
7.35	-12.2393
7.36	-12.3282
7.37	-12.4171
7.38	-12.5059
7.39	-12.5946
7.4	-12.6832
7.41	-12.7718
7.42	-12.8603
7.43	-12.9487
7.44	-13.037
7.45	-13.1252
7.46	-13.2134
7.47	-13.3014
7.48	-13.3894
7.49	-13.4773
7.5	-13.5652
7.51	-13.6529
7.52	-13.7406
7.53	-13.8282
7.54	-13.9157
7.55	-14.0031
7.56	-14.0904
7.57	-14.1777
7.58	-14.2649
7.59	-14.352
7.6	-14.439
7.61	-14.5259
7.62	-14.6127
7.63	-14.6995
7.64	-14.7862
7.65	-14.8728
7.66	-14.9593
7.67	-15.0457
7.68	-15.1321
7.69	-15.2183
7.7	-15.3045
7.71	-15.3906
7.72	-15.4766
7.73	-15.5625
7.74	-15.6484
7.75	-15.7341
7.76	-15.8198
7.77	-15.9054
7.78	-15.9909
7.79	-16.0763
7.8	-16.1616
7.81	-16.2469
7.82	-16.332
7.83	-16.4171
7.84	-16.5021
7.85	-16.587
7.86	-16.6718
7.87	-16.7565
7.88	-16.8411
7.89	-16.9257
7.9	-17.0101
7.91	-17.0945
7.92	-17.1788
7.93	-17.263
7.94	-17.3471
7.95	-17.4311
7.96	-17.515
7.97	-17.5989
7.98	-17.6826
7.99	-17.7663
8	-17.8498
8.01	-17.9333
8.02	-18.0167
8.03	-18.1
8.04	-18.1832
8.05	-18.2664
8.06	-18.3494
8.07	-18.4323
8.08	-18.5152
8.09	-18.5979
8.1	-18.6806
8.11	-18.7632
8.12	-18.8457
8.13	-18.9281
8.14	-19.0104
8.15	-19.0926
8.16	-19.1747
8.17	-19.2567
8.18	-19.3387
8.19	-19.4205
8.2	-19.5023
8.21	-19.5839
8.22	-19.6655
8.23	-19.747
8.24	-19.8283
8.25	-19.9096
8.26	-19.9908
8.27	-20.0719
8.28	-20.1529
8.29	-20.2338
8.3	-20.3146
8.31	-20.3953
8.32	-20.476
8.33	-20.5565
8.34	-20.6369
8.35	-20.7172
8.36	-20.7975
8.37	-20.8776
8.38	-20.9577
8.39	-21.0376
8.4	-21.1175
8.41	-21.1973
8.42	-21.2769
8.43	-21.3565
8.44	-21.436
8.45	-21.5153
8.46	-21.5946
8.47	-21.6738
8.48	-21.7529
8.49	-21.8319
8.5	-21.9108
8.51	-21.9896
8.52	-22.0682
8.53	-22.1468
8.54	-22.2253
8.55	-22.3037
8.56	-22.382
8.57	-22.4602
8.58	-22.5383
8.59	-22.6163
8.6	-22.6942
8.61	-22.772
8.62	-22.8497
8.63	-22.9274
8.64	-23.0049
8.65	-23.0823
8.66	-23.1596
8.67	-23.2368
8.68	-23.3139
8.69	-23.3909
8.7	-23.4678
8.71	-23.5446
8.72	-23.6213
8.73	-23.6979
8.74	-23.7744
8.75	-23.8508
8.76	-23.9271
8.77	-24.0033
8.78	-24.0794
8.79	-24.1554
8.8	-24.2313
8.81	-24.307
8.82	-24.3827
8.83	-24.4583
8.84	-24.5338
8.85	-24.6092
8.86	-24.6844
8.87	-24.7596
8.88	-24.8347
8.89	-24.9097
8.9	-24.9845
8.91	-25.0593
8.92	-25.1339
8.93	-25.2085
8.94	-25.2829
8.95	-25.3573
8.96	-25.4315
8.97	-25.5057
8.98	-25.5797
8.99	-25.6536
9	-25.7274
9.01	-25.8012
9.02	-25.8748
9.03	-25.9483
9.04	-26.0217
9.05	-26.095
9.06	-26.1682
9.07	-26.2413
9.08	-26.3143
9.09	-26.3871
9.1	-26.4599
9.11	-26.5326
9.12	-26.6051
9.13	-26.6776
9.14	-26.7499
9.15	-26.8222
9.16	-26.8943
9.17	-26.9664
9.18	-27.0383
9.19	-27.1101
9.2	-27.1818
9.21	-27.2534
9.22	-27.3249
9.23	-27.3963
9.24	-27.4676
9.25	-27.5388
9.26	-27.6099
9.27	-27.6808
9.28	-27.7517
9.29	-27.8224
9.3	-27.8931
9.31	-27.9636
9.32	-28.034
9.33	-28.1044
9.34	-28.1746
9.35	-28.2447
9.36	-28.3147
9.37	-28.3846
9.38	-28.4543
9.39	-28.524
9.4	-28.5936
9.41	-28.663
9.42	-28.7324
9.43	-28.8016
9.44	-28.8707
9.45	-28.9398
9.46	-29.0087
9.47	-29.0775
9.48	-29.1462
9.49	-29.2148
9.5	-29.2832
9.51	-29.3516
9.52	-29.4199
9.53	-29.488
9.54	-29.5561
9.55	-29.624
9.56	-29.6918
9.57	-29.7595
9.58	-29.8271
9.59	-29.8946
9.6	-29.962
9.61	-30.0293
9.62	-30.0965
9.63	-30.1635
9.64	-30.2305
9.65	-30.2973
9.66	-30.364
9.67	-30.4307
9.68	-30.4972
9.69	-30.5636
9.7	-30.6299
9.71	-30.696
9.72	-30.7621
9.73	-30.8281
9.74	-30.8939
9.75	-30.9597
9.76	-31.0253
9.77	-31.0908
9.78	-31.1562
9.79	-31.2215
9.8	-31.2867
9.81	-31.3518
9.82	-31.4167
9.83	-31.4816
9.84	-31.5463
9.85	-31.611
9.86	-31.6755
9.87	-31.7399
9.88	-31.8042
9.89	-31.8684
9.9	-31.9325
9.91	-31.9965
9.92	-32.0603
9.93	-32.1241
9.94	-32.1877
9.95	-32.2513
9.96	-32.3147
9.97	-32.378
9.98	-32.4412
9.99	-32.5043
10	-32.5673
