0	0
0.810453	1.26221
1.61736	2.51791
2.42076	3.76715
3.22068	5.01
4.01715	6.24651
4.8102	7.47673
5.59987	8.70071
6.38619	9.9185
7.16918	11.1302
7.94888	12.3357
8.72532	13.5353
9.49852	14.7288
10.2685	15.9165
11.0353	17.0982
11.799	18.2741
12.5595	19.4442
13.317	20.6085
14.0714	21.7672
14.8227	22.9202
15.571	24.0676
16.3164	25.2094
17.0588	26.3456
17.7982	27.4764
18.5347	28.6018
19.2684	29.7218
19.9991	30.8364
20.7271	31.9456
21.4522	33.0496
22.1745	34.1484
22.8941	35.242
23.6109	36.3304
24.325	37.4136
25.0363	38.4918
25.745	39.565
26.4511	40.6331
27.1545	41.6963
27.8553	42.7545
28.5535	43.8078
29.2491	44.8563
29.9422	45.8999
30.6327	46.9387
31.3208	47.9727
32.0063	49.0021
32.6894	50.0267
33.37	51.0466
34.0482	52.062
34.724	53.0727
35.3973	54.0788
36.0683	55.0804
36.737	56.0775
37.4033	57.0702
38.0673	58.0583
38.7289	59.0421
39.3883	60.0215
40.0454	60.9965
40.7003	61.9672
41.3529	62.9336
42.0033	63.8957
42.6515	64.8535
43.2975	65.8072
43.9414	66.7567
44.5831	67.702
45.2226	68.6431
45.8601	69.5802
46.4954	70.5131
47.1286	71.4421
47.7598	72.3669
48.3889	73.2878
49.016	74.2047
49.641	75.1176
50.264	76.0266
50.885	76.9317
51.504	77.8329
52.1211	78.7303
52.7362	79.6238
53.3493	80.5135
53.9605	81.3994
54.5698	82.2816
55.1772	83.16
55.7827	84.0346
56.3863	84.9056
56.988	85.7729
57.588	86.6366
58.186	87.4966
58.7822	88.353
59.3767	89.2058
59.9693	90.055
60.5601	90.9007
61.1492	91.7428
61.7365	92.5815
62.322	93.4166
62.9058	94.2483
63.4878	95.0765
64.0682	95.9013
64.6468	96.7227
65.2238	97.5407
65.799	98.3553
66.3726	99.1666
66.9445	99.9745
67.5148	100.779
68.0835	101.58
68.6505	102.378
69.2158	103.173
69.7796	103.965
70.3418	104.753
70.9024	105.538
71.4614	106.32
72.0189	107.099
72.5748	107.874
73.1291	108.646
73.6819	109.416
74.2332	110.182
74.783	110.945
75.3312	111.705
75.878	112.462
76.4233	113.216
76.9671	113.967
77.5094	114.714
78.0503	115.459
78.5897	116.201
79.1276	116.94
79.6642	117.676
80.1993	118.409
80.733	119.139
81.2653	119.866
81.7962	120.59
82.3257	121.311
82.8538	122.03
83.3805	122.745
83.9059	123.458
84.4299	124.168
84.9526	124.875
85.4739	125.58
85.9939	126.281
86.5126	126.98
87.03	127.676
87.546	128.369
88.0608	129.06
88.5743	129.748
89.0864	130.433
89.5973	131.115
90.107	131.795
90.6153	132.472
91.1225	133.146
91.6283	133.818
92.1329	134.487
92.6363	135.154
93.1385	135.817
93.6394	136.479
94.1392	137.137
94.6377	137.794
95.135	138.447
95.6312	139.098
96.1261	139.747
96.6199	140.393
97.1125	141.036
97.604	141.677
98.0943	142.315
98.5834	142.951
99.0714	143.585
99.5583	144.216
100.044	144.844
100.529	145.47
101.012	146.094
101.494	146.715
101.976	147.334
102.456	147.95
102.935	148.565
103.413	149.176
103.89	149.785
104.366	150.392
104.84	150.997
105.314	151.599
105.787	152.199
106.258	152.797
106.729	153.392
107.198	153.985
107.667	154.576
108.134	155.164
108.601	155.75
109.066	156.334
109.53	156.915
109.994	157.495
110.456	158.072
110.917	158.647
111.378	159.219
111.837	159.79
112.296	160.358
112.753	160.924
113.209	161.488
113.665	162.049
114.119	162.609
114.573	163.166
115.026	163.721
115.477	164.274
115.928	164.825
116.378	165.374
116.827	165.921
117.275	166.465
117.722	167.008
118.168	167.548
118.613	168.086
119.057	168.622
119.501	169.156
119.943	169.688
120.385	170.218
120.826	170.746
121.265	171.272
121.704	171.796
122.142	172.317
122.58	172.837
123.016	173.355
123.451	173.871
123.886	174.384
124.32	174.896
124.753	175.406
125.185	175.913
125.616	176.419
126.046	176.923
126.476	177.425
126.905	177.925
127.333	178.423
127.76	178.919
128.186	179.413
128.612	179.905
129.036	180.395
129.46	180.883
129.883	181.37
130.305	181.854
130.727	182.337
131.148	182.818
131.567	183.296
131.987	183.773
132.405	184.249
132.823	184.722
133.239	185.193
133.655	185.663
134.071	186.13
134.485	186.596
134.899	187.06
135.312	187.522
135.724	187.983
136.136	188.441
136.547	188.898
136.957	189.353
137.366	189.806
137.775	190.257
138.182	190.707
138.59	191.154
138.996	191.6
139.402	192.045
139.807	192.487
140.211	192.928
140.615	193.367
141.018	193.804
141.42	194.239
141.821	194.673
142.222	195.105
142.622	195.535
143.022	195.964
143.42	196.39
143.818	196.815
144.216	197.239
144.613	197.66
145.009	198.08
145.404	198.499
145.799	198.915
146.193	199.33
146.586	199.743
146.979	200.155
147.371	200.565
147.762	200.973
148.153	201.379
148.543	201.784
148.933	202.188
149.322	202.589
149.71	202.989
150.098	203.387
150.485	203.784
150.871	204.179
151.257	204.572
151.642	204.964
152.026	205.354
152.41	205.743
152.794	206.13
153.176	206.515
153.558	206.899
153.94	207.281
154.321	207.662
154.701	208.041
155.081	208.418
155.46	208.794
155.838	209.168
156.216	209.541
156.593	209.912
156.97	210.282
157.346	210.65
157.722	211.016
158.097	211.381
158.471	211.745
158.845	212.107
159.218	212.467
159.591	212.826
159.963	213.183
160.335	213.539
160.706	213.893
161.076	214.246
161.446	214.597
161.816	214.946
162.185	215.295
162.553	215.641
162.921	215.986
163.288	216.33
163.655	216.672
164.021	217.013
164.386	217.352
164.751	217.69
165.116	218.026
165.48	218.361
165.843	218.694
166.206	219.026
166.569	219.356
166.931	219.685
167.292	220.013
167.653	220.339
168.014	220.663
168.373	220.986
168.733	221.308
169.092	221.628
169.45	221.947
169.808	222.265
170.165	222.58
170.522	222.895
170.878	223.208
171.234	223.52
171.59	223.83
171.945	224.139
172.299	224.446
172.653	224.752
173.006	225.057
173.359	225.36
173.712	225.662
174.064	225.962
174.415	226.261
174.766	226.559
175.117	226.855
175.467	227.15
175.817	227.443
176.166	227.736
176.515	228.026
176.863	228.316
177.211	228.604
177.558	228.89
177.905	229.176
178.251	229.459
178.597	229.742
178.943	230.023
179.288	230.303
179.633	230.581
179.977	230.859
180.321	231.134
180.664	231.409
181.007	231.682
181.349	231.954
181.691	232.224
182.033	232.493
182.374	232.761
182.715	233.028
183.055	233.293
183.395	233.557
183.734	233.819
184.073	234.08
184.412	234.34
184.75	234.599
185.087	234.856
185.425	235.112
185.762	235.366
186.098	235.62
186.434	235.872
186.77	236.123
187.105	236.372
187.44	236.62
187.774	236.867
188.108	237.113
188.442	237.357
188.775	237.6
189.108	237.842
189.44	238.082
189.772	238.321
190.104	238.559
190.435	238.796
190.766	239.031
191.096	239.265
191.426	239.498
191.756	239.73
192.085	239.96
192.414	240.189
192.743	240.417
193.071	240.644
193.399	240.869
193.726	241.093
194.053	241.316
194.38	241.538
194.706	241.758
195.032	241.977
195.357	242.195
195.682	242.411
196.007	242.627
196.331	242.841
196.655	243.054
196.979	243.266
197.302	243.476
197.625	243.685
197.948	243.893
198.27	244.1
198.592	244.306
198.913	244.51
199.234	244.713
199.555	244.915
199.875	245.116
200.195	245.316
200.515	245.514
200.834	245.711
201.153	245.907
201.472	246.102
201.79	246.295
202.108	246.487
202.426	246.679
202.743	246.869
203.06	247.057
203.377	247.245
203.693	247.431
204.009	247.616
204.324	247.8
204.64	247.983
204.954	248.165
205.269	248.345
205.583	248.525
205.897	248.703
206.211	248.88
206.524	249.055
206.837	249.23
207.149	249.403
207.462	249.575
207.774	249.747
208.085	249.916
208.396	250.085
208.707	250.253
209.018	250.419
209.328	250.584
209.638	250.749
209.948	250.912
210.257	251.073
210.566	251.234
210.875	251.394
211.184	251.552
211.492	251.709
211.8	251.865
212.107	252.02
212.414	252.174
212.721	252.326
213.028	252.478
213.334	252.628
213.64	252.777
213.946	252.926
214.251	253.073
214.556	253.218
214.861	253.363
215.165	253.507
215.469	253.649
215.773	253.79
216.077	253.93
216.38	254.07
216.683	254.207
216.986	254.344
217.288	254.48
217.59	254.615
217.892	254.748
218.193	254.88
218.495	255.012
218.796	255.142
219.096	255.271
219.397	255.399
219.697	255.525
219.996	255.651
220.296	255.776
220.595	255.899
220.894	256.021
221.193	256.143
221.491	256.263
221.789	256.382
222.087	256.5
222.385	256.617
222.682	256.733
222.979	256.847
223.275	256.961
223.572	257.073
223.868	257.185
224.164	257.295
224.46	257.404
224.755	257.512
225.05	257.619
225.345	257.725
225.639	257.83
225.934	257.934
226.228	258.037
226.521	258.138
226.815	258.239
227.108	258.338
227.401	258.437
227.693	258.534
227.986	258.63
228.278	258.725
228.57	258.82
228.862	258.913
229.153	259.005
229.444	259.095
229.735	259.185
230.025	259.274
230.316	259.362
230.606	259.448
230.896	259.534
231.185	259.618
231.474	259.702
231.764	259.784
232.052	259.866
232.341	259.946
232.629	260.025
232.917	260.103
233.205	260.18
233.492	260.256
233.78	260.331
234.067	260.405
234.354	260.478
234.64	260.55
234.926	260.621
235.213	260.69
235.498	260.759
235.784	260.827
236.069	260.893
236.354	260.959
236.639	261.023
236.924	261.087
237.208	261.149
237.492	261.211
237.776	261.271
238.06	261.33
238.343	261.389
238.626	261.446
238.909	261.502
239.192	261.557
239.474	261.611
239.756	261.665
240.038	261.717
240.32	261.768
240.601	261.818
240.883	261.867
241.164	261.915
241.445	261.962
241.725	262.007
242.005	262.052
242.285	262.096
242.565	262.139
242.845	262.181
243.124	262.222
243.404	262.261
243.682	262.3
243.961	262.338
244.24	262.375
244.518	262.41
244.796	262.445
245.074	262.479
245.351	262.511
245.629	262.543
245.906	262.573
246.183	262.603
246.459	262.632
246.736	262.659
247.012	262.686
247.288	262.711
247.564	262.736
247.839	262.76
248.115	262.782
248.39	262.804
248.665	262.824
248.939	262.844
249.214	262.862
249.488	262.88
249.762	262.896
250.036	262.912
250.309	262.926
250.583	262.94
250.856	262.952
251.129	262.964
251.401	262.975
251.674	262.984
251.946	262.993
252.218	263
252.49	263.007
252.761	263.012
253.033	263.017
253.304	263.02
253.575	263.023
253.846	263.025
254.116	263.025
254.387	263.025
254.657	263.024
254.927	263.021
255.196	263.018
255.466	263.014
255.735	263.008
256.004	263.002
256.273	262.995
256.542	262.987
256.81	262.977
257.078	262.967
257.346	262.956
257.614	262.944
257.882	262.931
258.149	262.917
258.416	262.902
258.683	262.885
258.95	262.868
259.216	262.85
259.483	262.831
259.749	262.811
260.015	262.791
260.28	262.769
260.546	262.746
260.811	262.722
261.076	262.697
261.341	262.671
261.606	262.645
261.87	262.617
262.135	262.588
262.399	262.559
262.662	262.528
262.926	262.496
263.19	262.464
263.453	262.43
263.716	262.396
263.979	262.361
264.241	262.324
264.504	262.287
264.766	262.249
265.028	262.209
265.29	262.169
265.551	262.128
265.813	262.086
266.074	262.043
266.335	261.999
266.596	261.954
266.857	261.908
267.117	261.861
267.377	261.813
267.637	261.764
267.897	261.715
268.157	261.664
268.416	261.612
268.675	261.56
268.934	261.506
269.193	261.452
269.452	261.397
269.71	261.34
269.968	261.283
270.226	261.225
270.484	261.165
270.742	261.105
270.999	261.044
271.256	260.982
271.513	260.919
271.77	260.855
272.027	260.791
272.283	260.725
272.539	260.658
272.795	260.591
273.051	260.522
273.307	260.453
273.562	260.382
273.818	260.311
274.073	260.238
274.327	260.165
274.582	260.091
274.837	260.016
275.091	259.94
275.345	259.863
275.599	259.785
275.852	259.706
276.106	259.627
276.359	259.546
276.612	259.464
276.865	259.382
277.118	259.299
277.37	259.214
277.623	259.129
277.875	259.043
278.127	258.956
278.378	258.868
278.63	258.779
278.881	258.689
279.132	258.598
279.383	258.506
279.634	258.414
279.884	258.32
280.135	258.226
280.385	258.13
280.635	258.034
280.885	257.937
281.134	257.839
281.383	257.74
281.633	257.64
281.882	257.539
282.13	257.438
282.379	257.335
282.627	257.231
282.875	257.127
283.123	257.022
283.371	256.915
283.619	256.808
283.866	256.7
284.114	256.591
284.361	256.481
284.607	256.371
284.854	256.259
285.1	256.146
285.347	256.033
285.593	255.919
285.839	255.803
286.084	255.687
286.33	255.57
286.575	255.452
286.82	255.333
287.065	255.214
287.31	255.093
287.554	254.972
287.798	254.849
288.042	254.726
288.286	254.602
288.53	254.477
288.774	254.351
289.017	254.224
289.26	254.096
289.503	253.968
289.746	253.838
289.988	253.708
290.231	253.576
290.473	253.444
290.715	253.311
290.956	253.177
291.198	253.043
291.439	252.907
291.681	252.77
291.922	252.633
292.162	252.495
292.403	252.356
292.643	252.216
292.884	252.075
293.124	251.933
293.363	251.79
293.603	251.647
293.842	251.502
294.082	251.357
294.321	251.211
294.56	251.064
294.798	250.916
295.037	250.767
295.275	250.618
295.513	250.467
295.751	250.316
295.988	250.164
296.226	250.011
296.463	249.857
296.7	249.702
296.937	249.546
297.174	249.39
297.41	249.233
297.647	249.074
297.883	248.915
298.119	248.755
298.354	248.595
298.59	248.433
298.825	248.271
299.06	248.107
299.295	247.943
299.53	247.778
299.764	247.612
299.999	247.445
300.233	247.278
300.467	247.11
300.701	246.94
300.934	246.77
301.168	246.599
301.401	246.427
301.634	246.255
301.866	246.081
302.099	245.907
302.331	245.732
302.563	245.556
302.795	245.379
303.027	245.201
303.259	245.023
303.49	244.844
303.721	244.663
303.952	244.482
304.183	244.301
304.414	244.118
304.644	243.934
304.874	243.75
305.104	243.565
305.334	243.379
305.564	243.192
305.793	243.005
306.022	242.816
306.251	242.627
306.48	242.437
306.709	242.246
306.937	242.054
307.165	241.861
307.393	241.668
307.621	241.474
307.849	241.279
308.076	241.083
308.303	240.886
308.53	240.689
308.757	240.491
308.984	240.291
309.21	240.092
309.437	239.891
309.663	239.689
309.888	239.487
310.114	239.284
310.339	239.08
310.565	238.875
310.79	238.67
311.014	238.463
311.239	238.256
311.464	238.048
311.688	237.839
311.912	237.63
312.136	237.419
312.359	237.208
312.583	236.996
312.806	236.783
313.029	236.57
313.252	236.355
313.474	236.14
313.697	235.924
313.919	235.708
314.141	235.49
314.363	235.272
314.584	235.053
314.806	234.833
315.027	234.612
315.248	234.391
315.469	234.168
315.689	233.945
315.91	233.722
316.13	233.497
316.35	233.272
316.57	233.045
316.789	232.818
317.009	232.591
317.228	232.362
317.447	232.133
317.666	231.903
317.884	231.672
318.103	231.44
318.321	231.208
318.539	230.975
318.757	230.741
318.974	230.506
319.192	230.271
319.409	230.035
319.626	229.798
319.842	229.56
320.059	229.321
320.275	229.082
320.492	228.842
320.707	228.601
320.923	228.36
321.139	228.118
321.354	227.874
321.569	227.631
321.784	227.386
321.999	227.141
322.213	226.895
322.428	226.648
322.642	226.4
322.856	226.152
323.069	225.903
323.283	225.653
323.496	225.402
323.709	225.151
323.922	224.899
324.135	224.646
324.347	224.392
324.56	224.138
324.772	223.883
324.983	223.627
325.195	223.371
325.407	223.113
325.618	222.855
325.829	222.597
326.04	222.337
326.25	222.077
326.461	221.816
326.671	221.554
326.881	221.292
327.091	221.029
327.3	220.765
327.51	220.5
327.719	220.235
327.928	219.969
328.137	219.702
328.345	219.435
328.554	219.166
328.762	218.898
328.97	218.628
329.177	218.357
329.385	218.086
329.592	217.815
329.799	217.542
330.006	217.269
330.213	216.995
330.419	216.72
330.626	216.445
330.832	216.169
331.038	215.892
331.243	215.614
331.449	215.336
331.654	215.057
331.859	214.778
332.064	214.497
332.269	214.216
332.473	213.934
332.677	213.652
332.881	213.369
333.085	213.085
333.289	212.8
333.492	212.515
333.695	212.229
333.898	211.943
334.101	211.655
334.304	211.367
334.506	211.079
334.708	210.789
334.91	210.499
335.112	210.208
335.313	209.917
335.515	209.625
335.716	209.332
335.917	209.038
336.117	208.744
336.318	208.449
336.518	208.154
336.718	207.857
336.918	207.561
337.117	207.263
337.317	206.965
337.516	206.666
337.715	206.366
337.914	206.066
338.113	205.765
338.311	205.463
338.509	205.161
338.707	204.858
338.905	204.554
339.102	204.25
339.3	203.945
339.497	203.639
339.694	203.333
339.891	203.026
340.087	202.719
340.283	202.41
340.479	202.101
340.675	201.792
340.871	201.481
341.066	201.171
341.262	200.859
341.457	200.547
341.652	200.234
341.846	199.92
342.041	199.606
342.235	199.291
342.429	198.976
342.623	198.66
342.816	198.343
343.01	198.026
343.203	197.708
343.396	197.389
343.588	197.07
343.781	196.75
343.973	196.429
344.165	196.108
344.357	195.786
344.549	195.463
344.74	195.14
344.932	194.817
345.123	194.492
345.314	194.167
