0.100000000000 0.000000000000
4648111.756936697300 186991.359605987530
19028157.491161678000 1550857.225612620600
42972755.877433315000 5289066.399921158300
76196837.125056610000 12579288.462789236000
118303045.253586530000 24569164.644431531000
168784712.081502910000 42366452.229281932000
227029659.302374480000 67029481.001117483000
292324800.155596080000 99557971.409630403000
363861507.919636850000 140884274.647399960000
440741713.549273670000 191865095.259663110000
521984689.879189250000 253273754.743936480000
606534475.114244700000 325793051.355351090000
693267883.906334280000 410008767.460732520000
781003050.230125900000 506403871.450771210000
868508442.552423600000 615353456.511410590000
954512288.472394700000 737120453.529658200000
1037712343.117510100000 871852150.111485000000
1116785933.133932400000 1019577542.162142900000
1190400206.127873400000 1180205538.763126100000
1257222513.910047300000 1353524035.215571200000
1315930856.879736400000 1539199863.148253700000
1365224316.365141600000 1736779620.550695900000
1403833401.716677400000 1945691378.529661900000
1430530239.429859400000 2165247255.542153400000
1444138532.551758800000 2394646843.870969800000
1443543220.092664700000 2632981467.221274900000
1427699768.113605000000 2879239242.568009400000
1395643026.576907900000 3132310913.814222300000
1346495588.915416500000 3390996419.466838800000
1279475594.576683000000 3654012151.436212100000
1193903918.509342900000 3919998857.253293500000
1089210695.654832100000 4187530133.506317100000
964941132.961016060000 4455121454.158729600000
820760566.215142970000 4721239673.649132700000
656458724.069303990000 4984312941.318885800000
471953166.968275730000 5242740960.785903000000
267291874.250722680000 5494905525.404780400000
42654958.443053447000 5739181258.940541300000
-201644508.338533880000 5973946489.049430800000
-465160564.957784300000 6197594180.116993000000
-747315331.807921530000 6408542851.457340200000
-1047400878.250690600000 6605247406.832626300000
-1364581977.771279800000 6786209801.708926200000
-1697899735.648380300000 6949989475.620687500000
-2046276068.008580900000 7095213478.464684500000
-2408519005.341521300000 7220586221.476618800000
-2783328787.936140100000 7324898786.045832600000
-3169304715.296793900000 7407037726.380427400000
-3564952706.448079100000 7465993305.326985400000
-3968693523.173311200000 7500867106.354320500000
-4378871603.687406500000 7510878968.803977000000
-4793764450.050763100000 7495373197.964477500000
-5211592508.815649000000 7453824006.311170600000
-5630529480.985648200000 7385840147.337055200000
-6048712994.387045900000 7291168708.747958200000
-6464255569.016170500000 7169698037.371672600000
-6875255803.858447100000 7021459773.897639300000
-7279809712.086524000000 6846629981.482444800000
-7676022130.446530300000 6645529358.287469900000
-8062018128.042194400000 6418622530.116850900000
-8435954339.629471800000 6166516425.456092800000
-8796030148.940759700000 5889957741.332621600000
-9140498648.464958200000 5589829514.487698600000
-9467677303.511831300000 5267146818.323446300000
-9775958250.276886000000 4923051611.930084200000
-10063818159.983395000000 4558806773.165204000000
-10329827603.996447000000 4175789353.212834400000
-10572659858.059717000000 3775483095.257294200000
-10791099087.478588000000 3359470264.830141500000
-10984047859.137335000000 2929422843.995298400000
-11150533930.667316000000 2487093145.795775900000
-11289716271.846561000000 2034303909.267260100000
-11400890278.377050000000 1572937938.802273500000
-11483492143.521202000000 1104927354.700817300000
-11537102358.646170000000 632242524.348068000000
-11561448319.486750000000 156880745.599879980000
-11556406020.857241000000 -319145244.382476210000
-11522000828.576614000000 -793818860.436661120000
-11458407323.483820000000 -1265131285.759156000000
-11365948218.564064000000 -1731093038.068311900000
-11245092356.347105000000 -2189745410.653386600000
-11096451799.828178000000 -2639171714.229503200000
-10920778036.164194000000 -3077508246.851744200000
-10718957318.269384000000 -3502954920.962074300000
-10492005175.137362000000 -3913785478.938192400000
-10241060127.211006000000 -4308357231.268133200000
-9967376648.372963000000 -4685120254.670054400000
-9672317421.098924600000 -5042625991.091361000000
-9357344935.973424900000 -5379535192.530934300000
-9024012491.079927400000 -5694625161.005259500000
-8673954650.715679200000 -5986796237.694838500000
-8308877226.419463200000 -6255077500.328738200000
-7930546846.415247000000 -6498631633.159009000000
-7540780182.243385300000 -6716758939.407503100000
-7141432903.558083500000 -6908900471.797078100000
-6734388433.797974600000 -7074640262.669749300000
-6321546580.677395800000 -7213706641.205212600000
-5904812116.187518100000 -7325972631.344451000000
-5486083381.037205700000 -7411455430.153383300000
-5067240988.200354600000 -7470314972.489372300000
-4650136699.470828100000 -7502851593.917457600000
-4236582547.665129200000 -7509502809.822586100000
-3828340275.363873000000 -7490839234.538169900000
-3427111158.858181000000 -7447559670.020099600000
-3034526283.282088800000 -7380485399.101203900000
-2652137331.784668400000 -7290553723.625858300000
-2281407948.047423800000 -7178810792.753198600000
-1923705727.507600500000 -7046403771.396392800000
-1580294888.333475400000 -6894572403.102740300000
-1252329668.542347700000 -6724640025.646184900000
-940848490.687913890000 -6538004101.173096700000
-646768930.304415110000 -6336126325.889514900000
-370883518.816035990000 -6120522386.982941600000
-113856405.938736110000 -5892751436.714780800000
123779099.243517580000 -5654405355.385933900000
341622095.315557900000 -5407097876.156006800000
539404756.521479490000 -5152453645.475640300000
716992100.645242690000 -4892097293.167721700000
874380861.815161110000 -4627642585.962432900000
1011697479.323351700000 -4360681737.553812000000
1129195219.527528000000 -4092774947.006210800000
1227250453.757410300000 -3825440235.602371700000
1306358120.841705800000 -3560143649.999803100000
1367126408.365662800000 -3298289896.859726400000
1410270692.026256100000 -3041213470.943812800000
1436606777.436569000000 -2790170335.051321500000
1447043493.409113200000 -2546330206.103631000000
1442574690.087840100000 -2310769497.183215600000
1424270699.270861100000 -2084464960.401527600000
1393269317.843328500000 -1868288070.096638000000
1350766378.397438500000 -1663000180.019583900000
1298005973.831889600000 -1469248481.800345200000
1236270404.975854900000 -1287562784.982294300000
1166869922.053512800000 -1118353131.083977000000
1091132332.075657800000 -961908245.152441380000
1010392544.992401800000 -818394817.525980350000
925982131.633320210000 -687857594.995805260000
839218966.040825130000 -570220242.406137820000
751397023.651309850000 -465286909.591732030000
663776404.631988880000 -372744398.060349760000
577573647.910302880000 -292164754.517750980000
493952394.444889190000 -223007998.671403910000
414014443.776869480000 -164624465.687296540000
338791213.267757060000 -116255783.158330380000
269235514.120063130000 -77032498.585985839000
206213255.627422750000 -45963997.451304555000
150493565.975873470000 -21910156.288174752000
102730795.011011970000 -3506084.076381868700
63403546.189771675000 11047513.751077991000
32478096.266313959000 24583850.004416920000
7706813.609733340300 41758510.070460603000
-16753766.763436781000 66220844.832442023000
-45736917.236444160000 97984071.678976074000
-81677797.427637443000 135980343.044049260000
-125986300.908926190000 179090035.542914180000
-179643761.068751630000 226191943.915269790000
-243393613.178957070000 276141025.678594530000
-317809537.562764350000 327758227.928551380000
-403322410.274836900000 379829802.933759210000
-500231545.885174870000 431111630.103551860000
-608709474.196662310000 480336173.197303590000
-728804037.474768160000 526220890.318947910000
-860439517.737969520000 567477475.788390760000
-1003417627.503135900000 602821578.529283640000
-1157418794.818850000000 630982771.766208410000
-1322003974.171374600000 650714615.544143560000
-1496617109.249949200000 660804689.523539660000
-1680588313.751286300000 660084494.004189130000
-1873137800.180369900000 647439129.682071090000
-2073380563.113340100000 621816675.045847180000
-2280331807.084330600000 582237186.568708780000
-2492913097.201655400000 527801252.025496720000
-2709959201.180839500000 457698031.960917530000
-2930225583.799543400000 371212728.886429430000
-3152396508.315839300000 267733428.377768070000
-3375093693.846920500000 146757260.983562710000
-3596885472.905734500000 7895838.788355250800
-3816296389.137380600000 -149120074.380461160000
-4031817171.727455600000 -324436694.753771310000
-4241915019.938900500000 -518074182.525177660000
-4445044128.755519900000 -729924462.221816300000
-4639656384.660997400000 -959749918.025756480000
-4824212159.157701500000 -1207182976.537590000000
-4997191126.728090300000 -1471726583.403308900000
-5157103033.560233100000 -1752755574.114918900000
-5302498343.495963100000 -2049518933.183407100000
-5431978688.308870300000 -2361142929.809591300000
-5544207050.573336600000 -2686635112.183752500000
-5637917609.035637900000 -3024889136.668708800000
-5711925178.529648800000 -3374690402.402319900000
-5765134179.079220800000 -3734722456.332580600000
-5796547071.876708000000 -4103574128.408743900000
-5805272203.303044300000 -4479747351.630761100000
-5790531002.033734300000 -4861665616.941008600000
-5751664478.531457900000 -5247683008.558276200000
-5688138980.831014600000 -5636093761.334333400000
-5599551165.443525300000 -6025142278.085525500000
-5485632147.412540400000 -6413033541.639745700000
-5346250799.007977500000 -6797943853.565494500000
-5181416172.209385900000 -7178031829.232958800000
-4991279025.967914600000 -7551449577.013135900000
-4776132445.208710700000 -7916353988.062253000000
-4536411544.600539200000 -8270918062.275715800000
-4272692256.237095800000 -8613342195.632429100000
-3985689206.502970700000 -8941865354.291652700000
-3676252693.495441900000 -9254776061.447879800000
-3345364782.399045900000 -9550423124.091337200000
-2994134542.124343400000 -9827226028.455310800000
-2623792452.283149200000 -10083684935.044691000000
-2235684015.142604400000 -10318390206.719435000000
-1831262612.541186600000 -10530031406.336275000000
-1412081652.825296200000 -10717405703.907604000000
-979786057.641058440000 -10879425637.099819000000
-536103142.859986480000 -11015126173.135267000000
-82832951.999202102000 -11123671024.754200000000
378161895.810514090000 -11204358177.806440000000
844966777.977867010000 -11256624593.242317000000
1315625992.553281800000 -11280050051.723883000000
1788153963.723223700000 -11274360114.744947000000
2260546656.226825700000 -11239428181.992682000000
2730793124.797647500000 -11175276630.665230000000
3196887123.800682500000 -11082077028.539444000000
3656838701.803520700000 -10960149418.719213000000
4108685705.893547500000 -10809960680.145229000000
4550505121.129673000000 -10632121974.072748000000
4980424171.593904500000 -10427385292.780323000000
5396631111.077647200000 -10196639132.722223000000
5797385633.488823900000 -9940903320.136823700000
6181028835.586556400000 -9661323022.737125400000
6545992667.620878200000 -9359161986.495971700000
6890808810.858257300000 -9035795041.665067700000
7214116924.784596400000 -8692699926.996242500000
7514672210.971355400000 -8331448485.634333600000
7791352245.138785400000 -7953697290.292786600000
8043163033.822382900000 -7561177759.078043000000
8269244257.211598400000 -7155685826.671702400000
8468873665.148644400000 -6739071238.487368600000
8641470598.914091100000 -6313226537.872957200000
8786598617.245376600000 -5880075818.412904700000
8903967210.996856700000 -5441563314.883733700000
8993432596.913419700000 -4999641907.422164000000
9054997587.115165700000 -4556261613.969586400000
9088810537.035165800000 -4113358146.058197500000
9095163380.675025900000 -3672841602.500736200000
9074488768.102930100000 -3236585374.543392200000
9027356326.074678400000 -2806415334.544987700000
8954468068.470218700000 -2384099378.266173800000
8856652988.865919100000 -1971337388.403956400000
8734860872.970825200000 -1569751684.104806900000
8590155373.803951300000 -1180878017.855290400000
8423706397.347028700000 -806157177.403890370000
8236781850.938522300000 -446927246.237751360000
8030738810.851288800000 -104416571.651220350000
7807014169.287985800000 220262515.370210230000
7567114824.411318800000 526119189.333827200000
7312607479.976569200000 812288794.740743760000
7045108123.632222200000 1078036657.741793600000
6766271254.983461400000 1322761022.559103700000
6477778936.060030000000 1545995096.202705900000
6181329737.882559800000 1747408191.035164400000
5878627657.374019600000 1926805960.825146400000
5571371078.910289800000 2084129732.041475500000
5261241854.346225700000 2219454938.231051900000
4949894574.392738300000 2332988671.355443000000
4638946102.762156500000 2425066369.890571600000
4329965442.552823100000 2496147669.281475500000
4024464001.920005800000 2546811445.948838200000
3723886323.193502400000 2577750091.428177800000
3429601336.269804000000 2589763058.347134600000
3142894193.345081800000 2583749724.775925200000
2864958737.886058800000 2560701627.984538100000
2596890656.177559400000 2521694122.774678200000
2339681354.858598700000 2467877523.291358000000
2094212602.579735500000 2400467790.526491200000
1861251968.296487600000 2320736830.573146800000
1641449082.760930300000 2230002471.040268400000
1435332743.478545900000 2129618184.857650300000
1243308876.730515700000 2020962631.946707200000
1065659363.160419300000 1905429089.848823100000
902541725.772890450000 1784414844.315305200000
753989670.787270070000 1659310609.959171800000
619914462.286549810000 1531490049.178276500000
500107100.416755740000 1402299454.402744800000
394241259.030332150000 1273047653.832167900000
301876920.414507210000 1144996193.404064200000
222464619.084095180000 1019349836.336531500000
155350168.097117510000 897247403.555166480000
99779679.819728136000 779752948.532313940000
54904588.930532150000 667847208.247599240000
19786199.317365043000 562419176.317191480000
-6601074.582216056100 464257455.680604520000
-25369301.512341641000 374040647.331313070000
-37722472.460346147000 292325102.481983600000
-44974127.877477176000 219525977.057485430000
-48591454.606103264000 155880561.866775990000
-50299209.636802331000 101359292.261526610000
-52309555.720670633000 55398827.809107251000
-57605666.333151922000 16040366.661809392000
-68942892.760882571000 -21464203.753698599000
-86323752.311643749000 -62815278.146944866000
-107975426.969137890000 -111423662.664471030000
-132114436.992187630000 -168918751.344584700000
-157175490.057037560000 -236149102.349605830000
-181721342.966921600000 -313579832.190893590000
-204381635.221084510000 -401436977.438490990000
-223825569.853525610000 -499766448.757958050000
-238752506.190588030000 -608461424.705659870000
-247891495.102053170000 -727276880.592541220000
-250005363.272570490000 -855838559.998690130000
-243897153.406374040000 -993649552.763709550000
-228417765.736636010000 -1140095964.023290900000
-202474152.529361780000 -1294452413.424210800000
-165037675.352762490000 -1455887746.144657400000
-115152372.784253810000 -1623471153.917449700000
-51942963.594047777000 -1796178804.198500600000
25377543.829472475000 -1972901017.810873500000
117500736.406372230000 -2152450000.084940000000
225016257.077124890000 -2333568107.761438800000
348405908.947955790000 -2514936618.503012200000
488038459.826789920000 -2695184958.926362500000
644165195.213445540000 -2872900339.024586700000
816916259.960356470000 -3046637734.775887000000
1006297821.579875100000 -3214930156.086604100000
1212190081.284871600000 -3376299133.665854900000
1434346152.164307400000 -3529265355.773999200000
1672391817.335494000000 -3672359383.901561700000
1925826174.442411200000 -3804132375.237708600000
2194023166.474428700000 -3923166739.223769700000
2476233992.568158100000 -4028086655.518921900000
2771590386.245071900000 -4117568381.304154900000
3079108742.452797900000 -4190350276.992209900000
3397695068.848448800000 -4245242481.074324100000
3726150731.018681000000 -4281136166.998311000000
4063178955.806795600000 -4297012317.615045500000
4407392051.644286200000 -4291949955.828773000000
4757319299.796420100000 -4265133773.616580000000
5111415465.758926400000 -4215861105.517046900000
5468069875.716418300000 -4143548196.999178900000
5825615999.021101000000 -4047735722.779391300000
6182341474.097226100000 -3928093515.124066400000
6536498512.047893500000 -3784424467.423805200000
6886314609.555506700000 -3616667583.816576500000
7230003500.443973500000 -3424900151.333065500000
7565776273.524596200000 -3209339016.899660600000
7891852583.090000200000 -2970340957.522928700000
8206471877.659894000000 -2708402138.053337100000
8507904572.324594500000 -2424156657.043853800000
8794463090.278287900000 -2118374187.339990600000
9064512699.882663700000 -1791956724.119485600000
9316482074.848243700000 -1445934459.101939700000
9548873506.856290800000 -1081460805.529535500000
9760272702.158229800000 -699806604.240583540000
9949358096.366027800000 -302353546.678608660000
10114909624.768637000000 109413144.036007030000
10255816889.055902000000 533912727.833176310000
10371086665.277418000000 969477607.375398760000
10459849702.183573000000 1414362577.484929300000
10521366763.761257000000 1866754605.107181800000
10555033874.754856000000 2324783076.998467000000
10560386733.220617000000 2786530449.142643500000
10537104259.665997000000 3250043229.159061000000
10485011258.033981000000 3713343220.681773200000
10404080169.673233000000 4174438956.883320300000
10294431907.441074000000 4631337248.997097000000
10156335763.184597000000 5082054774.870166800000
9990208387.989446600000 5524629632.258461000000
9796611850.737287500000 5957132781.761287700000
9576250786.628351200000 6377679304.979991900000
9329968653.365680700000 6784439404.673636400000
9058743118.619615600000 7175649075.362516400000
8763680608.157127400000 7549620374.988726600000
8446010049.589725500000 7904751230.866458900000
8107075852.030064600000 8239534716.226094200000
7748330167.014357600000 8552567737.154239700000
7371324480.810405700000 8842559073.633705100000
6977700592.658962200000 9108336722.665937400000
6569181037.558355300000 9348854496.086278900000
6147559015.871055600000 9563197830.626140600000
5714687895.282884600000 9750588773.004829400000
5272470353.457640600000 9910390108.310472500000
4822847232.083637200000 10042108605.617929000000
4367786174.888583200000 10145397360.653437000000
3909270123.591686200000 10220057221.311306000000
3449285746.659079100000 10266037287.917015000000
2989811876.122860000000 10283434486.272139000000
2532808027.614419000000 10272492217.668915000000
2080203078.148777000000 10233598096.183790000000
1633884175.083360700000 10167280789.608677000000
1195685948.069285400000 10074205986.316360000000
767380093.727128740000 9955171516.140453300000
350665400.225953160000 9811101658.943265900000
-52841724.057966664000 9643040679.908161200000
-441616157.057789620000 9452145635.691734300000
-814232347.800347330000 9239678500.368417700000
-1169371926.767041700000 9006997664.566757200000
-1505830593.708361400000 8755548865.300546600000
-1822524239.676890600000 8486855607.711979900000
-2118494265.218553300000 8202509143.243310900000
-2392912062.088459500000 7904158071.616056400000
-2645082631.499284700000 7593497636.402668000000
-2874447317.728414500000 7272258785.909734700000
-3080585641.865654500000 6942197072.539618500000
-3263216226.535436600000 6605081464.751325600000
-3422196808.535458100000 6262683146.192325600000
-3557523342.455630300000 5916764376.520955100000
-3669328204.435800100000 5569067487.881028200000
-3757877511.245997400000 5221304089.932878500000
-3823567575.788075000000 4875144554.792846700000
-3866920525.882129700000 4532207851.198165900000
-3888579118.774781200000 4194051794.708008300000
-3889300789.151594200000 3862163777.791580700000
-3869950973.514523500000 3537952040.258526300000
-3831495758.561917300000 3222737536.677899400000
-3774993905.649065500000 2917746453.232691300000
-3701588307.478473200000 2624103421.893475100000
-3612496936.840470300000 2342825474.894119300000
-3509003350.466356300000 2074816777.282820700000
-3392446813.839650600000 1820864169.831209400000
-3264212115.108306900000 1581633548.840144400000
-3125719138.023536200000 1357667103.408764400000
-2978412265.069145700000 1149381424.554061700000
-2823749682.605057700000 957066494.196716790000
-2663192659.887998600000 780885555.468641160000
-2498194873.197248900000 620875859.036072020000
-2330191844.906326800000 476950273.130374790000
-2160590565.091539400000 348899737.657893480000
-1990759359.982685300000 236396534.977890310000
-1822018066.971796800000 138998341.449245330000
-1655628569.568482600000 56153014.242036596000
-1492785736.912675100000 -12795943.496741598000
-1334608800.024601700000 -68603310.398682073000
-1182133178.809347600000 -112115558.121600520000
-1036302746.241066800000 -144263864.323996370000
-897962472.333520530000 -166056887.766623940000
-767851317.494542720000 -178573533.863463190000
-646595116.849023220000 -182956053.983308080000
-534698960.086356580000 -180404025.509580760000
-432538105.617075800000 -172170136.373269650000
-340345489.431272570000 -159559422.767925590000
-258191670.219711900000 -143935049.454401970000
-185947554.711574440000 -126736598.025764230000
-123205231.918856050000 -109521978.625816110000
-69087885.751138121000 -94046804.859723687000
-21762097.210374679000 -82332531.401250780000
22504830.460598979000 -76213854.470455423000
69129568.629693866000 -75596834.539938435000
122275676.765976430000 -78157769.254331246000
183855648.449179020000 -81338126.261868000000
254584564.758119370000 -83072103.188178331000
334641848.698679330000 -81656358.122388065000
423915829.113045100000 -75601034.311260119000
522097647.008015450000 -63552074.008201115000
628723176.323635700000 -44255438.871514052000
743195208.736441610000 -16542224.225680068000
864797479.229994890000 20675801.634818815000
992705174.333521010000 68405348.185932323000
1125993964.721639900000 127568042.156156380000
1263648523.807819100000 198995546.992815670000
1404571004.160069900000 283424149.199299160000
1547589704.097268300000 381489281.538987930000
1691468031.806844200000 493720278.981640930000
1834913805.124058000000 620535562.978397490000
1976588884.724708300000 762238388.989048240000
2115119113.759000100000 919013253.515740390000
2249104521.179882500000 1090923030.803815100000
2377129735.620315600000 1277906890.663680300000
2497774549.678606500000 1479779034.608163100000
2609624569.755009700000 1696228275.983791400000
2711281883.486912700000 1926818479.995802900000
2801375674.955824900000 2170989870.883812000000
2878572716.940144500000 2428061205.636343000000
2941587669.404544800000 2697232806.322111600000
2989193114.043694500000 2977590436.237126400000
3020229255.961619900000 3268109998.550175200000
3033613225.411549600000 3567663029.939895600000
3028347914.902042900000 3875022955.843179200000
3003530289.854307200000 4188872068.379805600000
2958359114.339015500000 4507809182.793373100000
2892142037.195009200000 4830357923.371220600000
2804301988.003979200000 5154975585.295548400000
2694382836.930733700000 5480062514.756524100000
2562054277.303327100000 5803971945.944941500000
2407115894.965700100000 6125020230.259864800000
2229500393.849762400000 6441497390.231476800000
2029275952.846391900000 6751677928.289762500000
1806647694.866299400000 7053831818.618158300000
1561958254.931325400000 7346235608.930728000000
1295687440.184252500000 7627183558.108696000000
1008450980.808535800000 7894998735.233999300000
700998376.967249390000 8148044005.665365200000
374209852.960814060000 8384732830.414922700000
29092435.824589033000 8603539806.197336200000
-333224818.500990270000 8803010875.129381200000
-711496422.533581610000 8981773135.146856300000
-1104366843.679000100000 9138544184.762117400000
-1510377639.916633600000 9272140938.792141000000
-1927975299.847026100000 9381487855.125488300000
-2355519737.424619200000 9465624516.439830800000
-2791293387.245471000000 9523712515.008768100000
-3233510842.167123300000 9555041593.314760200000
-3680328971.333830800000 9559034998.085908900000
-4129857453.390075200000 9535254010.563268700000
-4580169656.811104800000 9483401621.250110600000
-5029313796.880633400000 9403325323.053602200000
-5475324296.919132200000 9295019002.570791200000
-5916233279.924590100000 9158623915.249029200000
-6350082115.840822200000 8994428736.230880700000
-6774932949.223515500000 8802868684.829589800000
-7188880132.133493400000 8584523726.736821200000
-7590061487.650721500000 8340115864.193125700000
-7976669330.467005700000 8070505530.415640800000
-8346961172.573919300000 7776687110.534911200000
-8699270044.103687300000 7459783617.102389300000
-9032014361.891853300000 7121040553.854348200000
-9343707281.294729200000 6761819006.817653700000
-9632965470.190643300000 6383588006.982019400000
-9898517247.901266100000 5987916213.607647900000
-10139210035.959654000000 5576462971.752858200000
-10354017072.199472000000 5150968801.764606500000
-10542043344.511957000000 4713245382.245700800000
-10702530705.782841000000 4265165091.372429400000
-10834862136.945515000000 3808650174.361133600000
-10938565130.729980000000 3345661607.353199500000
-11013314174.517164000000 2878187729.988040400000
-11058932316.678940000000 2408232720.449343200000
-11075391806.861048000000 1937804987.790998900000
-11062813806.804905000000 1468905556.869283000000
-11021467174.464769000000 1003516521.222801100000
-10951766330.317204000000 543589638.752188800000
-10854268220.838984000000 91035144.060329780000
-10729668400.106085000000 -352289150.171880540000
-10578796256.300747000000 -784588392.369654420000
-10402609415.565750000000 -1204140803.845304000000
-10202187361.077007000000 -1609307298.109390500000
-9978724310.381265600000 -1998540545.976512200000
-9733521398.930059400000 -2370393428.473904100000
-9467978222.300270100000 -2723526823.691698100000
-9183583793.797283200000 -3056716678.203491700000
-8881906977.957376500000 -3368860318.504204800000
-8564586463.879349700000 -3658981963.026696700000
-8233320345.295308100000 -3926237400.674188100000
-7889855376.820001600000 -4169917807.406420700000
-7535975977.877536800000 -4389452678.204886400000
-7173493057.381773900000 -4584411857.678091000000
-6804232733.330838200000 -4754506658.610561400000
-6430025022.059844000000 -4899590063.869088200000
-6052692571.975730900000 -5019656013.213996900000
-5674039516.172693300000 -5114837782.681570100000
-5295840517.400306700000 -5185405470.263771100000
-4919830077.434021000000 -5231762607.572091100000
-4547692180.990090400000 -5254441922.993265200000
-4181050341.946105000000 -5254100287.485623400000
-3821458116.790838200000 -5231512879.588135700000
-3470390146.951461800000 -5187566611.381084400000
-3129233787.955026100000 -5123252862.013624200000
-2799281379.297865900000 -5039659569.964382200000
-2481723204.449306000000 -4937962739.393670100000
-2177641185.633404700000 -4819417419.752210600000
-1888003352.945521100000 -4685348221.200285000000
-1613659122.002543200000 -4537139431.339237200000
-1355335408.729846700000 -4376224801.238468200000
-1113633604.090149400000 -4204077070.733728900000
-889027425.593678710000 -4022197304.455174000000
-681861656.330481290000 -3832104110.994747200000
-492351776.067384060000 -3635322818.021745200000
-320584482.685016450000 -3433374675.978409300000
-166519095.921202510000 -3227766162.206571600000
-29989829.056541875000 -3019978455.934859300000
89291092.162437007000 -2811457152.443525300000
191729490.420483380000 -2603602281.846603900000
277844510.999096990000 -2397758694.179155300000
348263149.141023340000 -2195206867.679785300000
403714077.226167500000 -1997154191.050843000000
445020825.435634020000 -1804726762.637412100000
473094377.336465660000 -1618961739.210312800000
488925250.778841260000 -1440800253.245509400000
493575145.509755020000 -1271080898.382369800000
488168253.394542280000 -1110533754.884352000000
473882347.512490390000 -959774884.717786070000
451939796.812666590000 -819301158.936403510000
423598700.761032100000 -689485168.866745470000
390144416.383600710000 -570569778.795651440000
352881881.202363310000 -462661522.746863130000
313129359.150123600000 -365721361.244404610000
272214611.963757340000 -279549905.342950940000
231475065.597830530000 -203761131.360286180000
192263996.103719380000 -137731378.414770070000
155962416.913849060000 -80492467.373678505000
123974081.401341960000 -30494383.714990880000
97550974.613493264000 14892676.785383919000
76935286.485185012000 59899560.101561017000
60109324.724715382000 109215841.654057230000
43744186.139881723000 165632994.537330360000
24975799.471984901000 230046583.967869010000
1667348.125133009900 302466921.532562670000
-27847376.524738207000 382516369.544775010000
-64947586.370305337000 469603256.356074750000
-110818743.122701720000 562987803.524394150000
-166497482.169627760000 661812627.739269850000
-232892715.085478400000 765120522.255454180000
-310794831.105106120000 871867303.557592750000
-400878831.913808640000 980932692.000110150000
-503704381.231418130000 1091130460.530336900000
-619714370.760922430000 1201218392.856653000000
-749232905.706487890000 1309908289.353617900000
-892463242.551731820000 1415876115.447374600000
-1049486005.890349400000 1517772314.360136000000
-1220257891.327061700000 1614232266.826891200000
-1404610988.490951500000 1703886858.158758600000
-1602252811.548938300000 1785373099.962520800000
-1812767093.232931400000 1857344746.014872800000
-2035615376.158001200000 1918482837.187140500000
-2270139418.598179800000 1967506107.807912100000
-2515564418.845483800000 2003181184.808125300000
-2771003051.578216600000 2024332511.046019300000
-3035460300.562859500000 2029851925.131973500000
-3307839064.054050000000 2018707831.720591800000
-3586946502.159695600000 1989953898.511154900000
-3871501089.031456000000 1942737219.026171200000
-4160140326.922772900000 1876305883.565800700000
-4451429073.866536100000 1790015904.516084700000
-4743868431.931410800000 1683337446.379429100000
-5035905138.704150200000 1555860315.457032400000
-5325941400.811308900000 1407298669.005833100000
-5612345104.940170300000 1237494908.878878100000
-5893460338.950697900000 1046422730.098499800000
-6167618153.295723900000 834189300.466642260000
-6433147491.092114400000 601036553.145911460000
-6688386213.817620300000 347341580.107261120000
-6931692148.751016600000 73616120.394351542000
-7161454083.929388000000 -219494856.741442110000
-7376102636.564641000000 -531215467.669604300000
-7574120921.540533100000 -860642116.929072380000
-7754054947.793173800000 -1206747568.251053800000
-7914523672.054741900000 -1568385859.924677400000
-8054228641.599377600000 -1944298034.645013300000
-8171963160.256438300000 -2333118648.449817700000
-8266620915.031678200000 -2733383018.051365900000
-8337204004.180166200000 -3143535160.839307300000
-8382830311.482242600000 -3561936377.103667700000
-8402740175.758331300000 -3986874419.636138900000
-8396302309.291835800000 -4416573191.842572200000
-8363018923.779593500000 -4849202911.867545100000
-8302530027.662894200000 -5282890677.017514200000
-8214616864.174460400000 -5715731359.994669000000
-8099204465.129357300000 -6145798766.138028100000
-7956363301.353960000000 -6571156979.026938400000
-7786310016.645647000000 -6989871820.448249800000
-7589407238.247264900000 -7400022349.871113800000
-7366162462.963278800000 -7799712328.218190200000
-7117226024.196808800000 -8187081570.872106600000
-6843388151.308200800000 -8560317115.510547600000
-6545575138.743440600000 -8917664131.517145200000
-6224844648.315263700000 -9257436499.362136800000
-5882380173.799896200000 -9578026990.474687600000
-5519484702.600071900000 -9877916980.723203700000
-5137573614.581539200000 -10155685633.665277000000
-4738166863.280399300000 -10410018493.202322000000
-4322880489.467323300000 -10639715429.154110000000
-3893417521.509865300000 -10843697883.527973000000
-3451558321.065930800000 -11021015369.868774000000
-2999150436.341334300000 -11170851183.006369000000
-2538098028.429055200000 -11292527281.735954000000
-2070350939.092950600000 -11385508312.436249000000
-1597893470.747088900000 -11449404747.316057000000
-1122732951.295907300000 -11483975116.840818000000
-646888157.928218720000 -11489127321.890402000000
-172377674.889189150000 -11464919017.294882000000
298791739.316651050000 -11411557064.546444000000
764636699.915142890000 -11329396057.651941000000
1223208584.250304900000 -11218935932.228745000000
1672604686.858137800000 -11080818674.016737000000
2110979069.090503900000 -10915824148.939447000000
2536553033.212366100000 -10724865082.658985000000
2947625153.423650700000 -10508981223.190325000000
3342580799.237176900000 -10269332725.536497000000
3719901090.055719400000 -10007192802.438417000000
4078171223.611630000000 -9723939690.167772300000
4416088125.135698300000 -9421047982.796005200000
4732467368.679266000000 -9100079392.516880000000
5026249326.894870800000 -8762672997.355588900000
5296504510.751936000000 -8410535040.940743400000
5542438066.091294300000 -8045428351.921018600000
5763393399.568053200000 -7669161453.060208300000
5958854912.358720800000 -7283577432.023079900000
6128449825.976091400000 -6890542647.358900100000
6271949090.604016300000 -6491935344.188616800000
6389267372.491822200000 -6089634254.598847400000
6480462123.095051800000 -5685507257.739022300000
6545731738.771549200000 -5281400174.105788200000
6585412825.900395400000 -4879125767.485913300000
6599976592.243003800000 -4480453026.522078500000
6590024391.171464000000 -4087096795.875168300000
6556282451.009061800000 -3700707824.496201500000
6499595827.123611500000 -3322863295.606735200000
6420921619.549313500000 -2955057899.639089100000
6321321503.751415300000 -2598695507.629317800000
6201953626.657485000000 -2255081498.411897700000
6064063924.228179900000 -1925415788.463972600000
5908976920.599339500000 -1610786608.418717100000
5738086072.170160300000 -1312165065.144859300000
5552843722.914916000000 -1030400522.906515100000
5354750739.635067900000 -766216831.511080380000
5145345897.826591500000 -520209423.559649110000
4926195090.296814900000 -292843296.973460200000
4698880431.609005000000 -84451892.920043036000
4464989331.850917800000 104763126.856174830000
4226103613.100299800000 274731205.442301450000
3983788741.286320200000 425511327.186595800000
3739583244.905163300000 557289579.522013430000
3494988390.227225300000 670375860.562496660000
3251458180.207420800000 765199758.737953190000
3010389741.248244800000 842305636.471105580000
2773114158.217172100000 902346955.460178490000
2540887813.609815100000 946079886.495849970000
2314884281.358854300000 974356251.897447940000
2096186819.330664900000 988115853.603551270000
1885781496.733383200000 988378244.714626190000
1684550983.017512600000 976234006.905005690000
1493269012.635643000000 952835600.680316210000
1312595524.025189400000 919387860.091821790000
1143072449.371080400000 877138208.447832700000
985120100.681145670000 827366677.114516500000
839034051.548862700000 771375816.150409340000
704982342.138251070000 710480593.894638900000
583002717.997537260000 645998393.343089940000
472999414.298557100000 579239226.069066640000
374738642.632982910000 511496295.960453450000
287841275.550130610000 444037038.406124950000
211769924.651720640000 378094671.635615530000
145804922.357216630000 314859887.506877780000
88997895.711106256000 255470669.230503200000
40078738.938296735000 200991688.537279750000
-2733777.468437902200 152348054.143087630000
-42079668.639528461000 110076823.330174310000
-81736084.509515479000 73564244.884454295000
-125654205.232059110000 40108376.575675920000
-176009916.747523990000 5851717.803838867700
-233150244.697993370000 -32420397.919909947000
-296591076.688501600000 -76963058.352794185000
-365533408.160651390000 -129397599.275754120000
-439028579.642731430000 -190958929.228850130000
-516031968.171229540000 -262623950.478374960000
-595425257.129989860000 -345175334.221194570000
-676029614.780296330000 -439233634.382426320000
-756616238.787438150000 -545273726.545300480000
-835916254.360785600000 -663633298.509927390000
-912630591.301182030000 -794517283.741407630000
-985440016.019454600000 -938000294.924544930000
-1053015336.341309900000 -1094028196.384321900000
-1114027738.303348100000 -1262419471.430992600000
-1167159191.802397000000 -1442866774.831278600000
-1211112853.553428600000 -1634938907.406412800000
-1244623393.067986700000 -1838083357.464036200000
-1266467167.105457100000 -2051629495.629999400000
-1275472169.019824500000 -2274792471.312961100000
-1270527681.124937500000 -2506677832.562916300000
-1250593560.431162600000 -2746286871.942941200000
-1214709090.784233300000 -2992522686.572135400000
-1162001337.527940500000 -3244196929.131833600000
-1091692944.295604900000 -3500037217.393374000000
-1003109315.394449800000 -3758695162.127394200000
-895685131.463302970000 -4018754966.720169500000
-768970150.636244420000 -4278742546.217978000000
-622634252.307436230000 -4537135108.698140100000
-456471685.737155200000 -4792371137.732660300000
-270404491.134621560000 -5042860711.209414500000
-64485066.465542845000 -5286996088.869906400000
161102140.974501070000 -5523162498.590625800000
406039833.243442950000 -5749749049.660989800000
669877959.675255180000 -5965159700.087861100000
952034716.919803020000 -6167824204.275081600000
1251798447.850815300000 -6356208967.281292900000
1568330429.983192000000 -6528827732.242341000000
1900668537.990200300000 -6684252028.447458300000
2247731758.959984800000 -6821121308.970340700000
2608325533.219511500000 -6938152708.663916600000
2981147887.921743400000 -7034150355.716388700000
3364796325.176647700000 -7108014172.816818200000
3757775421.345095200000 -7158748107.271407100000
4158505089.242165600000 -7185467733.122483300000
4565329450.445276300000 -7187407172.425687800000
4976526260.704389600000 -7163925287.308426900000
5390316827.634505300000 -7114511099.233207700000
5804876356.460647600000 -7038788396.991067900000
6218344656.606041900000 -6936519500.317140600000
6628837139.385323500000 -6807608151.616902400000
7034456035.003536200000 -6652101514.079016700000
7433301755.482706100000 -6470191260.390556300000
7823484329.051894200000 -6262213742.321588500000
8203134830.950778000000 -6028649237.568374600000
8570416735.515660300000 -5770120276.396057100000
8923537114.841190300000 -5487389056.761042600000
9260757610.237316100000 -5181353962.678737600000
9580405104.124780700000 -4853045206.593257000000
9880882021.922145800000 -4503619622.360497500000
10160676195.862003000000 -4134354641.136473700000
10418370225.517250000000 -3746641487.929380400000
10652650273.099817000000 -3341977641.790153500000
10862314235.294350000000 -2921958607.546905000000
11046279237.480452000000 -2488269051.600246000000
11203588400.654676000000 -2042673358.557869000000
11333416836.154423000000 -1587005669.368958000000
11435076828.380913000000 -1123159465.096276000000
11508022171.080627000000 -653076763.511792060000
11551851628.340769000000 -178736998.300654530000
11566311497.242561000000 297854347.209969460000
11551297255.063337000000 774677278.230285640000
11506854279.977900000000 1249708923.870850600000
11433177640.346655000000 1720935194.307199000000
11330610953.846048000000 2186362384.211832500000
11199644323.858757000000 2644028647.272816700000
11040911366.652065000000 3092015267.475412400000
10855185348.893253000000 3528457654.178175400000
10643374460.940350000000 3951555989.858513400000
10406516257.064098000000 4359585461.722600000000
10145771299.265966000000 4750906011.154929200000
9862416046.618274700000 5123971538.204908400000
9557835037.032194100000 5477338501.950161000000
9233512413.023706400000 5809673861.613715200000
8891022847.364021300000 6119762307.717951800000
8532021928.441688500000 6406512737.302271800000
8158236068.702620500000 6668963932.281858400000
7771452002.644846000000 6906289405.347239500000
7373505943.510788000000 7117801383.363424300000
6966272470.018197100000 7302953903.984599100000
6551653216.191470100000 7461345007.117371600000
6131565438.582830400000 7592718008.902926400000
5707930535.902131100000 7696961852.003821400000
5282662596.298793800000 7774110532.134767500000
4857657047.258415200000 7824341606.926524200000
4434779482.292542500000 7847973799.315359100000
4015854737.317429100000 7845463713.668139500000
3602656287.846461300000 7817401688.742011100000
3196896035.872166200000 7764506817.300339700000
2800214552.603505100000 7687621167.721594800000
2414171840.070856100000 7587703248.210637100000
2040238671.036131900000 7465820759.214125600000
1679788562.672946500000 7323142684.321638100000
1334090435.139382600000 7160930774.267356900000
1004302001.482489900000 6980530482.606650400000
691463930.321622130000 6783361415.198183100000
396494817.490684750000 6570907358.751595500000
120186997.313429190000 6344705956.381318100000
-136796781.521603080000 6106338100.318608300000
-373925796.390061910000 5857417113.660665500000
-590802894.361102220000 5599577794.263654700000
-787165131.997982860000 5334465394.604381600000
-962883510.415676830000 5063724611.634654000000
-1117961810.794288600000 4788988660.327472700000
-1252534541.616303900000 4511868503.759591100000
-1366864014.879242700000 4233942311.188927700000
-1461336574.391197000000 3956745213.663995700000
-1536458004.943959200000 3681759424.243734800000
-1592848156.635820200000 3410404786.903484300000
-1631234823.843472500000 3144029814.645563100000
-1652446923.279452600000 2883903273.202391100000
-1657407020.177815000000 2631206361.981341800000
-1647123255.884585400000 2387025538.498980500000
-1622680733.946659600000 2152346026.395748600000
-1585232425.143206600000 1928046040.065206800000
-1535989654.726611600000 1714891750.742653100000
-1476212237.356187100000 1513533009.209334900000
-1407198326.703097100000 1324499828.494547100000
-1330274047.303079400000 1148199615.159447900000
-1246782975.644303600000 984915118.392208810000
-1158075535.196798100000 834803039.701612470000
-1065498365.198947200000 697893208.188563820000
-970383713.770517950000 574088169.809293630000
-874038888.854670520000 463162950.599417210000
-777735768.392720220000 364764609.516165670000
-682700308.219168420000 278410951.076068400000
-590101855.848923920000 203487332.756801430000
-501041790.265794630000 139239697.922502160000
-416540322.416456580000 84760417.868291616000
-337518521.590379710000 38960448.404364422000
-264767648.931211740000 515135.963137104700
-198882676.521035760000 -32240231.781692773000
-140089585.227517960000 -61497897.907159954000
-87784874.569213673000 -90197845.438338429000
-39702200.363992311000 -121744613.048190640000
8118546.792422876700 -158526201.864147160000
59595964.765115641000 -200961455.869724480000
117490767.402615760000 -248294422.336360930000
183599637.936995710000 -299393804.759565000000
259131204.489040940000 -353027580.625870170000
344926549.056555030000 -407928226.520640250000
441570248.241038380000 -462807304.595288750000
549446823.138651850000 -516360804.715366900000
668770780.662551520000 -567274270.259479760000
799603559.375306130000 -614229234.617159490000
941863828.571759580000 -655910884.813234090000
1095334415.127986000000 -691016607.073105570000
1259667602.018155600000 -718265095.131047960000
1434389766.608642100000 -736405769.444773550000
1618905913.761426900000 -744228312.595441340000
1812504428.287355900000 -740572167.141432520000
2014362236.814890900000 -724335870.463585970000
2223550487.226238300000 -694486120.767817500000
2439040801.754804100000 -650066482.490352270000
2659712125.336498700000 -590205649.966069580000
2884358166.981603600000 -514125196.719580050000
3111695414.822587000000 -421146744.978134210000
3340371692.757798200000 -310698496.525892200000
3568975216.839682600000 -182321072.158722880000
3796044101.880848400000 -35672612.967019759000
4020076262.628190000000 129466897.403250410000
4239539648.940083000000 313192124.412482920000
4452882750.472111700000 515469717.103738130000
4658545303.288833600000 736136508.202523110000
4854969128.476860000000 974898596.499523280000
5040609031.174110400000 1231331321.975174900000
5213943687.405973400000 1504880137.897465500000
5373486445.699310300000 1794862377.899258100000
5517795970.603853200000 2100469909.851848800000
5645486655.965855600000 2420772662.232265000000
5755238737.052656200000 2754723002.669851300000
5845808032.396898300000 3101160942.489803300000
5916035248.499180800000 3458820135.384806200000
5964854783.272995000000 3826334632.877002700000
5991302967.315449700000 4202246354.017160900000
5994525685.715107900000 4585013221.839994400000
5973785327.137456900000 4973017914.486743900000
5928467011.330469100000 5364577174.649462700000
5858084050.934960400000 5757951617.113371800000
5762282608.535201100000 6151355970.701281500000
5640845515.207984900000 6542969687.880134600000
5493695222.387964200000 6930947852.694412200000
5320895864.623761200000 7313432315.563033100000
5122654416.715323400000 7688562981.828778300000
4899320934.756937000000 8054489179.794087400000
4651387876.721197100000 8409381033.321808800000
4379488504.366300600000 8751440763.929334600000
4084394374.389705700000 9078913847.659439100000
3767011932.843768100000 9390099952.870405200000
3428378232.833706400000 9683363586.444316900000
3069655801.391573900000 9957144377.758596400000
2692126687.125194100000 10209966932.087269000000
2297185725.737128300000 10440450187.882212000000
1886333065.759989700000 10647316215.609741000000
1461166001.824362500000 10829398399.464190000000
1023370167.431036200000 10985648947.322721000000
574710143.508513090000 11115145678.716694000000
117019542.970546920000 11217098045.346136000000
-347809364.979629280000 11290852343.721607000000
-817836423.945904250000 11335896084.850214000000
-1291084683.325338400000 11351861491.450226000000
-1765551743.478456300000 11338528098.949409000000
-2239221279.664670500000 11295824442.451139000000
-2710074670.101394700000 11223828817.903942000000
-3176102652.782869300000 11122769111.842440000000
-3635316935.477200500000 10993021700.237627000000
-4085761683.608689800000 10835109423.162966000000
-4525524811.525737800000 10649698648.107414000000
-4952749003.946870800000 10437595440.804697000000
-5365642396.160169600000 10199740868.361322000000
-5762488843.812511400000 9937205465.212736100000
-6141657715.849583600000 9651182897.979095500000
-6501613147.336649900000 9342982870.593057600000
-6840922692.483039900000 9014023316.093698500000
-7158265322.185154900000 8665821926.193161000000
-7452438714.767029800000 8299987074.089561500000
-7722365793.304862000000 7918208189.995738000000
-7967100467.939913700000 7522245652.449119600000
-8185832546.879829400000 7113920261.640402800000
-8377891785.325252500000 6695102363.725908300000
-8542751047.299603500000 6267700697.352486600000
-8680028561.266426100000 5833651035.409681300000
-8789489256.450317400000 5394904696.318787600000
-8871045172.894165000000 4953416999.964827500000
-8924754944.445230500000 4511135743.669394500000
-8950822360.024711600000 4069989773.388309500000
-8949594014.657022500000 3631877724.599421000000
-8921556067.776495000000 3198657006.128121400000
-8867330132.247961000000 2772133098.448957900000
-8787668323.294265700000 2354049235.813536600000
-8683447502.081090900000 1946076538.902048600000
-8555662754.026382400000 1549804661.597057800000
-8405420146.945534700000 1166733011.953914400000
-8233928818.878557200000 798262603.517107490000
-8042492449.839674000000 445688588.832385180000
-7832500175.753834700000 110193522.359879900000
-7605417006.470523800000 -207158604.964424520000
-7362773812.948978400000 -505427522.509131610000
-7106156951.467323300000 -783800996.541420220000
-6837197595.003510500000 -1041598280.794149600000
-6557560843.750478700000 -1278272681.021138400000
-6268934688.050165200000 -1493413219.538651000000
-5973018897.849000900000 -1686745391.820581200000
-5671513913.086227400000 -1858131013.329000200000
-5366109809.219419500000 -2007567160.878163100000
-5058475411.369850200000 -2135184218.906676500000
-4750247629.333267200000 -2241243047.026042000000
-4443021083.953958500000 -2326131291.082604900000
-4138338093.106748100000 -2390358865.670856000000
-3837679082.779407500000 -2434552641.527885400000
-3542453485.503936300000 -2459450376.479434000000
-3253991184.655530900000 -2465893933.555749900000
-2973534558.926801700000 -2454821834.508464800000
