-10.000000000000 -10.000000000000 10.000000000000 -10.000000000000
-10.000000000000 -9.000000000000 10.000000000000 -9.000000000000
-10.000000000000 -8.000000000000 10.000000000000 -8.000000000000
-10.000000000000 -7.000000000000 10.000000000000 -7.000000000000
-10.000000000000 -6.000000000000 10.000000000000 -6.000000000000
-10.000000000000 -5.000000000000 10.000000000000 -5.000000000000
-10.000000000000 -4.000000000000 10.000000000000 -4.000000000000
-10.000000000000 -3.000000000000 10.000000000000 -3.000000000000
-10.000000000000 -2.000000000000 10.000000000000 -2.000000000000
-10.000000000000 -1.000000000000 10.000000000000 -1.000000000000
-10.000000000000 0.000000000000 10.000000000000 0.000000000000
-10.000000000000 1.000000000000 10.000000000000 1.000000000000
-10.000000000000 2.000000000000 10.000000000000 2.000000000000
-10.000000000000 3.000000000000 10.000000000000 3.000000000000
-10.000000000000 4.000000000000 10.000000000000 4.000000000000
-10.000000000000 5.000000000000 10.000000000000 5.000000000000
-10.000000000000 6.000000000000 10.000000000000 6.000000000000
-10.000000000000 7.000000000000 10.000000000000 7.000000000000
-10.000000000000 8.000000000000 10.000000000000 8.000000000000
-10.000000000000 9.000000000000 10.000000000000 9.000000000000
-10.000000000000 10.000000000000 10.000000000000 10.000000000000
-9.000000000000 -10.000000000000 9.000000000000 -10.000000000000
-9.000000000000 -9.000000000000 9.000000000000 -9.000000000000
-9.000000000000 -8.000000000000 9.000000000000 -8.000000000000
-9.000000000000 -7.000000000000 9.000000000000 -7.000000000000
-9.000000000000 -6.000000000000 9.000000000000 -6.000000000000
-9.000000000000 -5.000000000000 9.000000000000 -5.000000000000
-9.000000000000 -4.000000000000 9.000000000000 -4.000000000000
-9.000000000000 -3.000000000000 9.000000000000 -3.000000000000
-9.000000000000 -2.000000000000 9.000000000000 -2.000000000000
-9.000000000000 -1.000000000000 9.000000000000 -1.000000000000
-9.000000000000 0.000000000000 9.000000000000 0.000000000000
-9.000000000000 1.000000000000 9.000000000000 1.000000000000
-9.000000000000 2.000000000000 9.000000000000 2.000000000000
-9.000000000000 3.000000000000 9.000000000000 3.000000000000
-9.000000000000 4.000000000000 9.000000000000 4.000000000000
-9.000000000000 5.000000000000 9.000000000000 5.000000000000
-9.000000000000 6.000000000000 9.000000000000 6.000000000000
-9.000000000000 7.000000000000 9.000000000000 7.000000000000
-9.000000000000 8.000000000000 9.000000000000 8.000000000000
-9.000000000000 9.000000000000 9.000000000000 9.000000000000
-9.000000000000 10.000000000000 9.000000000000 10.000000000000
-8.000000000000 -10.000000000000 8.000000000000 -10.000000000000
-8.000000000000 -9.000000000000 8.000000000000 -9.000000000000
-8.000000000000 -8.000000000000 8.000000000000 -8.000000000000
-8.000000000000 -7.000000000000 8.000000000000 -7.000000000000
-8.000000000000 -6.000000000000 8.000000000000 -6.000000000000
-8.000000000000 -5.000000000000 8.000000000000 -5.000000000000
-8.000000000000 -4.000000000000 8.000000000000 -4.000000000000
-8.000000000000 -3.000000000000 8.000000000000 -3.000000000000
-8.000000000000 -2.000000000000 8.000000000000 -2.000000000000
-8.000000000000 -1.000000000000 8.000000000000 -1.000000000000
-8.000000000000 0.000000000000 8.000000000000 0.000000000000
-8.000000000000 1.000000000000 8.000000000000 1.000000000000
-8.000000000000 2.000000000000 8.000000000000 2.000000000000
-8.000000000000 3.000000000000 8.000000000000 3.000000000000
-8.000000000000 4.000000000000 8.000000000000 4.000000000000
-8.000000000000 5.000000000000 8.000000000000 5.000000000000
-8.000000000000 6.000000000000 8.000000000000 6.000000000000
-8.000000000000 7.000000000000 8.000000000000 7.000000000000
-8.000000000000 8.000000000000 8.000000000000 8.000000000000
-8.000000000000 9.000000000000 8.000000000000 9.000000000000
-8.000000000000 10.000000000000 8.000000000000 10.000000000000
-7.000000000000 -10.000000000000 7.000000000000 -10.000000000000
-7.000000000000 -9.000000000000 7.000000000000 -9.000000000000
-7.000000000000 -8.000000000000 7.000000000000 -8.000000000000
-7.000000000000 -7.000000000000 7.000000000000 -7.000000000000
-7.000000000000 -6.000000000000 7.000000000000 -6.000000000000
-7.000000000000 -5.000000000000 7.000000000000 -5.000000000000
-7.000000000000 -4.000000000000 7.000000000000 -4.000000000000
-7.000000000000 -3.000000000000 7.000000000000 -3.000000000000
-7.000000000000 -2.000000000000 7.000000000000 -2.000000000000
-7.000000000000 -1.000000000000 7.000000000000 -1.000000000000
-7.000000000000 0.000000000000 7.000000000000 0.000000000000
-7.000000000000 1.000000000000 7.000000000000 1.000000000000
-7.000000000000 2.000000000000 7.000000000000 2.000000000000
-7.000000000000 3.000000000000 7.000000000000 3.000000000000
-7.000000000000 4.000000000000 7.000000000000 4.000000000000
-7.000000000000 5.000000000000 7.000000000000 5.000000000000
-7.000000000000 6.000000000000 7.000000000000 6.000000000000
-7.000000000000 7.000000000000 7.000000000000 7.000000000000
-7.000000000000 8.000000000000 7.000000000000 8.000000000000
-7.000000000000 9.000000000000 7.000000000000 9.000000000000
-7.000000000000 10.000000000000 7.000000000000 10.000000000000
-6.000000000000 -10.000000000000 6.000000000000 -10.000000000000
-6.000000000000 -9.000000000000 6.000000000000 -9.000000000000
-6.000000000000 -8.000000000000 6.000000000000 -8.000000000000
-6.000000000000 -7.000000000000 6.000000000000 -7.000000000000
-6.000000000000 -6.000000000000 6.000000000000 -6.000000000000
-6.000000000000 -5.000000000000 6.000000000000 -5.000000000000
-6.000000000000 -4.000000000000 6.000000000000 -4.000000000000
-6.000000000000 -3.000000000000 6.000000000000 -3.000000000000
-6.000000000000 -2.000000000000 6.000000000000 -2.000000000000
-6.000000000000 -1.000000000000 6.000000000000 -1.000000000000
-6.000000000000 0.000000000000 6.000000000000 0.000000000000
-6.000000000000 1.000000000000 6.000000000000 1.000000000000
-6.000000000000 2.000000000000 6.000000000000 2.000000000000
-6.000000000000 3.000000000000 6.000000000000 3.000000000000
-6.000000000000 4.000000000000 6.000000000000 4.000000000000
-6.000000000000 5.000000000000 6.000000000000 5.000000000000
-6.000000000000 6.000000000000 6.000000000000 6.000000000000
-6.000000000000 7.000000000000 6.000000000000 7.000000000000
-6.000000000000 8.000000000000 6.000000000000 8.000000000000
-6.000000000000 9.000000000000 6.000000000000 9.000000000000
-6.000000000000 10.000000000000 6.000000000000 10.000000000000
-5.000000000000 -10.000000000000 5.000000000000 -10.000000000000
-5.000000000000 -9.000000000000 5.000000000000 -9.000000000000
-5.000000000000 -8.000000000000 5.000000000000 -8.000000000000
-5.000000000000 -7.000000000000 5.000000000000 -7.000000000000
-5.000000000000 -6.000000000000 5.000000000000 -6.000000000000
-5.000000000000 -5.000000000000 5.000000000000 -5.000000000000
-5.000000000000 -4.000000000000 5.000000000000 -4.000000000000
-5.000000000000 -3.000000000000 5.000000000000 -3.000000000000
-5.000000000000 -2.000000000000 5.000000000000 -2.000000000000
-5.000000000000 -1.000000000000 5.000000000000 -1.000000000000
-5.000000000000 0.000000000000 5.000000000000 0.000000000000
-5.000000000000 1.000000000000 5.000000000000 1.000000000000
-5.000000000000 2.000000000000 5.000000000000 2.000000000000
-5.000000000000 3.000000000000 5.000000000000 3.000000000000
-5.000000000000 4.000000000000 5.000000000000 4.000000000000
-5.000000000000 5.000000000000 5.000000000000 5.000000000000
-5.000000000000 6.000000000000 5.000000000000 6.000000000000
-5.000000000000 7.000000000000 5.000000000000 7.000000000000
-5.000000000000 8.000000000000 5.000000000000 8.000000000000
-5.000000000000 9.000000000000 5.000000000000 9.000000000000
-5.000000000000 10.000000000000 5.000000000000 10.000000000000
-4.000000000000 -10.000000000000 4.000000000000 -10.000000000000
-4.000000000000 -9.000000000000 4.000000000000 -9.000000000000
-4.000000000000 -8.000000000000 4.000000000000 -8.000000000000
-4.000000000000 -7.000000000000 4.000000000000 -7.000000000000
-4.000000000000 -6.000000000000 4.000000000000 -6.000000000000
-4.000000000000 -5.000000000000 4.000000000000 -5.000000000000
-4.000000000000 -4.000000000000 4.000000000000 -4.000000000000
-4.000000000000 -3.000000000000 4.000000000000 -3.000000000000
-4.000000000000 -2.000000000000 4.000000000000 -2.000000000000
-4.000000000000 -1.000000000000 4.000000000000 -1.000000000000
-4.000000000000 0.000000000000 4.000000000000 0.000000000000
-4.000000000000 1.000000000000 4.000000000000 1.000000000000
-4.000000000000 2.000000000000 4.000000000000 2.000000000000
-4.000000000000 3.000000000000 4.000000000000 3.000000000000
-4.000000000000 4.000000000000 4.000000000000 4.000000000000
-4.000000000000 5.000000000000 4.000000000000 5.000000000000
-4.000000000000 6.000000000000 4.000000000000 6.000000000000
-4.000000000000 7.000000000000 4.000000000000 7.000000000000
-4.000000000000 8.000000000000 4.000000000000 8.000000000000
-4.000000000000 9.000000000000 4.000000000000 9.000000000000
-4.000000000000 10.000000000000 4.000000000000 10.000000000000
-3.000000000000 -10.000000000000 3.000000000000 -10.000000000000
-3.000000000000 -9.000000000000 3.000000000000 -9.000000000000
-3.000000000000 -8.000000000000 3.000000000000 -8.000000000000
-3.000000000000 -7.000000000000 3.000000000000 -7.000000000000
-3.000000000000 -6.000000000000 3.000000000000 -6.000000000000
-3.000000000000 -5.000000000000 3.000000000000 -5.000000000000
-3.000000000000 -4.000000000000 3.000000000000 -4.000000000000
-3.000000000000 -3.000000000000 3.000000000000 -3.000000000000
-3.000000000000 -2.000000000000 3.000000000000 -2.000000000000
-3.000000000000 -1.000000000000 3.000000000000 -1.000000000000
-3.000000000000 0.000000000000 3.000000000000 0.000000000000
-3.000000000000 1.000000000000 3.000000000000 1.000000000000
-3.000000000000 2.000000000000 3.000000000000 2.000000000000
-3.000000000000 3.000000000000 3.000000000000 3.000000000000
-3.000000000000 4.000000000000 3.000000000000 4.000000000000
-3.000000000000 5.000000000000 3.000000000000 5.000000000000
-3.000000000000 6.000000000000 3.000000000000 6.000000000000
-3.000000000000 7.000000000000 3.000000000000 7.000000000000
-3.000000000000 8.000000000000 3.000000000000 8.000000000000
-3.000000000000 9.000000000000 3.000000000000 9.000000000000
-3.000000000000 10.000000000000 3.000000000000 10.000000000000
-2.000000000000 -10.000000000000 2.000000000000 -10.000000000000
-2.000000000000 -9.000000000000 2.000000000000 -9.000000000000
-2.000000000000 -8.000000000000 2.000000000000 -8.000000000000
-2.000000000000 -7.000000000000 2.000000000000 -7.000000000000
-2.000000000000 -6.000000000000 2.000000000000 -6.000000000000
-2.000000000000 -5.000000000000 2.000000000000 -5.000000000000
-2.000000000000 -4.000000000000 2.000000000000 -4.000000000000
-2.000000000000 -3.000000000000 2.000000000000 -3.000000000000
-2.000000000000 -2.000000000000 2.000000000000 -2.000000000000
-2.000000000000 -1.000000000000 2.000000000000 -1.000000000000
-2.000000000000 0.000000000000 2.000000000000 0.000000000000
-2.000000000000 1.000000000000 2.000000000000 1.000000000000
-2.000000000000 2.000000000000 2.000000000000 2.000000000000
-2.000000000000 3.000000000000 2.000000000000 3.000000000000
-2.000000000000 4.000000000000 2.000000000000 4.000000000000
-2.000000000000 5.000000000000 2.000000000000 5.000000000000
-2.000000000000 6.000000000000 2.000000000000 6.000000000000
-2.000000000000 7.000000000000 2.000000000000 7.000000000000
-2.000000000000 8.000000000000 2.000000000000 8.000000000000
-2.000000000000 9.000000000000 2.000000000000 9.000000000000
-2.000000000000 10.000000000000 2.000000000000 10.000000000000
-1.000000000000 -10.000000000000 1.000000000000 -10.000000000000
-1.000000000000 -9.000000000000 1.000000000000 -9.000000000000
-1.000000000000 -8.000000000000 1.000000000000 -8.000000000000
-1.000000000000 -7.000000000000 1.000000000000 -7.000000000000
-1.000000000000 -6.000000000000 1.000000000000 -6.000000000000
-1.000000000000 -5.000000000000 1.000000000000 -5.000000000000
-1.000000000000 -4.000000000000 1.000000000000 -4.000000000000
-1.000000000000 -3.000000000000 1.000000000000 -3.000000000000
-1.000000000000 -2.000000000000 1.000000000000 -2.000000000000
-1.000000000000 -1.000000000000 1.000000000000 -1.000000000000
-1.000000000000 0.000000000000 1.000000000000 0.000000000000
-1.000000000000 1.000000000000 1.000000000000 1.000000000000
-1.000000000000 2.000000000000 1.000000000000 2.000000000000
-1.000000000000 3.000000000000 1.000000000000 3.000000000000
-1.000000000000 4.000000000000 1.000000000000 4.000000000000
-1.000000000000 5.000000000000 1.000000000000 5.000000000000
-1.000000000000 6.000000000000 1.000000000000 6.000000000000
-1.000000000000 7.000000000000 1.000000000000 7.000000000000
-1.000000000000 8.000000000000 1.000000000000 8.000000000000
-1.000000000000 9.000000000000 1.000000000000 9.000000000000
-1.000000000000 10.000000000000 1.000000000000 10.000000000000
0.000000000000 -10.000000000000 -0.000000000000 -5.050000000000
0.000000000000 -9.000000000000 -0.000000000000 -4.555555555556
0.000000000000 -8.000000000000 -0.000000000000 -4.062500000000
0.000000000000 -7.000000000000 -0.000000000000 -3.571428571429
0.000000000000 -6.000000000000 -0.000000000000 -3.083333333333
0.000000000000 -5.000000000000 -0.000000000000 -2.600000000000
0.000000000000 -4.000000000000 -0.000000000000 -2.125000000000
0.000000000000 -3.000000000000 -0.000000000000 -1.666666666667
0.000000000000 -2.000000000000 -0.000000000000 -1.250000000000
0.000000000000 -1.000000000000 -0.000000000000 -1.000000000000
0.000000000000 0.000000000000 -0.000000000000 0.000000000000
0.000000000000 1.000000000000 -0.000000000000 1.000000000000
0.000000000000 2.000000000000 -0.000000000000 1.250000000000
0.000000000000 3.000000000000 -0.000000000000 1.666666666667
0.000000000000 4.000000000000 -0.000000000000 2.125000000000
0.000000000000 5.000000000000 -0.000000000000 2.600000000000
0.000000000000 6.000000000000 -0.000000000000 3.083333333333
0.000000000000 7.000000000000 -0.000000000000 3.571428571429
0.000000000000 8.000000000000 -0.000000000000 4.062500000000
0.000000000000 9.000000000000 -0.000000000000 4.555555555556
0.000000000000 10.000000000000 -0.000000000000 5.050000000000
1.000000000000 -10.000000000000 0.010101010101 -0.100000000000
1.000000000000 -9.000000000000 0.012500000000 -0.111111111111
1.000000000000 -8.000000000000 0.015873015873 -0.125000000000
1.000000000000 -7.000000000000 0.020833333333 -0.142857142857
1.000000000000 -6.000000000000 0.028571428571 -0.166666666667
1.000000000000 -5.000000000000 0.041666666667 -0.200000000000
1.000000000000 -4.000000000000 0.066666666667 -0.250000000000
1.000000000000 -3.000000000000 0.125000000000 -0.333333333333
1.000000000000 -2.000000000000 0.333333333333 -0.500000000000
1.000000000000 -1.000000000000 -0.250000000000 -1.000000000000
1.000000000000 0.000000000000 -1.000000000000 0.000000000000
1.000000000000 1.000000000000 -0.250000000000 1.000000000000
1.000000000000 2.000000000000 0.333333333333 0.500000000000
1.000000000000 3.000000000000 0.125000000000 0.333333333333
1.000000000000 4.000000000000 0.066666666667 0.250000000000
1.000000000000 5.000000000000 0.041666666667 0.200000000000
1.000000000000 6.000000000000 0.028571428571 0.166666666667
1.000000000000 7.000000000000 0.020833333333 0.142857142857
1.000000000000 8.000000000000 0.015873015873 0.125000000000
1.000000000000 9.000000000000 0.012500000000 0.111111111111
1.000000000000 10.000000000000 0.010101010101 0.100000000000
2.000000000000 -10.000000000000 0.020202020202 -0.100000000000
2.000000000000 -9.000000000000 0.025000000000 -0.111111111111
2.000000000000 -8.000000000000 0.031746031746 -0.125000000000
2.000000000000 -7.000000000000 0.041666666667 -0.142857142857
2.000000000000 -6.000000000000 0.057142857143 -0.166666666667
2.000000000000 -5.000000000000 0.083333333333 -0.200000000000
2.000000000000 -4.000000000000 0.133333333333 -0.250000000000
2.000000000000 -3.000000000000 0.250000000000 -0.333333333333
2.000000000000 -2.000000000000 0.666666666667 -0.500000000000
2.000000000000 -1.000000000000 -0.500000000000 -1.000000000000
2.000000000000 0.000000000000 -2.000000000000 0.000000000000
2.000000000000 1.000000000000 -0.500000000000 1.000000000000
2.000000000000 2.000000000000 0.666666666667 0.500000000000
2.000000000000 3.000000000000 0.250000000000 0.333333333333
2.000000000000 4.000000000000 0.133333333333 0.250000000000
2.000000000000 5.000000000000 0.083333333333 0.200000000000
2.000000000000 6.000000000000 0.057142857143 0.166666666667
2.000000000000 7.000000000000 0.041666666667 0.142857142857
2.000000000000 8.000000000000 0.031746031746 0.125000000000
2.000000000000 9.000000000000 0.025000000000 0.111111111111
2.000000000000 10.000000000000 0.020202020202 0.100000000000
3.000000000000 -10.000000000000 0.030303030303 -0.100000000000
3.000000000000 -9.000000000000 0.037500000000 -0.111111111111
3.000000000000 -8.000000000000 0.047619047619 -0.125000000000
3.000000000000 -7.000000000000 0.062500000000 -0.142857142857
3.000000000000 -6.000000000000 0.085714285714 -0.166666666667
3.000000000000 -5.000000000000 0.125000000000 -0.200000000000
3.000000000000 -4.000000000000 0.200000000000 -0.250000000000
3.000000000000 -3.000000000000 0.375000000000 -0.333333333333
3.000000000000 -2.000000000000 1.000000000000 -0.500000000000
3.000000000000 -1.000000000000 -0.750000000000 -1.000000000000
3.000000000000 0.000000000000 -3.000000000000 0.000000000000
3.000000000000 1.000000000000 -0.750000000000 1.000000000000
3.000000000000 2.000000000000 1.000000000000 0.500000000000
3.000000000000 3.000000000000 0.375000000000 0.333333333333
3.000000000000 4.000000000000 0.200000000000 0.250000000000
3.000000000000 5.000000000000 0.125000000000 0.200000000000
3.000000000000 6.000000000000 0.085714285714 0.166666666667
3.000000000000 7.000000000000 0.062500000000 0.142857142857
3.000000000000 8.000000000000 0.047619047619 0.125000000000
3.000000000000 9.000000000000 0.037500000000 0.111111111111
3.000000000000 10.000000000000 0.030303030303 0.100000000000
4.000000000000 -10.000000000000 0.040404040404 -0.100000000000
4.000000000000 -9.000000000000 0.050000000000 -0.111111111111
4.000000000000 -8.000000000000 0.063492063492 -0.125000000000
4.000000000000 -7.000000000000 0.083333333333 -0.142857142857
4.000000000000 -6.000000000000 0.114285714286 -0.166666666667
4.000000000000 -5.000000000000 0.166666666667 -0.200000000000
4.000000000000 -4.000000000000 0.266666666667 -0.250000000000
4.000000000000 -3.000000000000 0.500000000000 -0.333333333333
4.000000000000 -2.000000000000 1.333333333333 -0.500000000000
4.000000000000 -1.000000000000 -1.000000000000 -1.000000000000
4.000000000000 0.000000000000 -4.000000000000 0.000000000000
4.000000000000 1.000000000000 -1.000000000000 1.000000000000
4.000000000000 2.000000000000 1.333333333333 0.500000000000
4.000000000000 3.000000000000 0.500000000000 0.333333333333
4.000000000000 4.000000000000 0.266666666667 0.250000000000
4.000000000000 5.000000000000 0.166666666667 0.200000000000
4.000000000000 6.000000000000 0.114285714286 0.166666666667
4.000000000000 7.000000000000 0.083333333333 0.142857142857
4.000000000000 8.000000000000 0.063492063492 0.125000000000
4.000000000000 9.000000000000 0.050000000000 0.111111111111
4.000000000000 10.000000000000 0.040404040404 0.100000000000
5.000000000000 -10.000000000000 0.050505050505 -0.100000000000
5.000000000000 -9.000000000000 0.062500000000 -0.111111111111
5.000000000000 -8.000000000000 0.079365079365 -0.125000000000
5.000000000000 -7.000000000000 0.104166666667 -0.142857142857
5.000000000000 -6.000000000000 0.142857142857 -0.166666666667
5.000000000000 -5.000000000000 0.208333333333 -0.200000000000
5.000000000000 -4.000000000000 0.333333333333 -0.250000000000
5.000000000000 -3.000000000000 0.625000000000 -0.333333333333
5.000000000000 -2.000000000000 1.666666666667 -0.500000000000
5.000000000000 -1.000000000000 -1.250000000000 -1.000000000000
5.000000000000 0.000000000000 -5.000000000000 0.000000000000
5.000000000000 1.000000000000 -1.250000000000 1.000000000000
5.000000000000 2.000000000000 1.666666666667 0.500000000000
5.000000000000 3.000000000000 0.625000000000 0.333333333333
5.000000000000 4.000000000000 0.333333333333 0.250000000000
5.000000000000 5.000000000000 0.208333333333 0.200000000000
5.000000000000 6.000000000000 0.142857142857 0.166666666667
5.000000000000 7.000000000000 0.104166666667 0.142857142857
5.000000000000 8.000000000000 0.079365079365 0.125000000000
5.000000000000 9.000000000000 0.062500000000 0.111111111111
5.000000000000 10.000000000000 0.050505050505 0.100000000000
6.000000000000 -10.000000000000 0.060606060606 -0.100000000000
6.000000000000 -9.000000000000 0.075000000000 -0.111111111111
6.000000000000 -8.000000000000 0.095238095238 -0.125000000000
6.000000000000 -7.000000000000 0.125000000000 -0.142857142857
6.000000000000 -6.000000000000 0.171428571429 -0.166666666667
6.000000000000 -5.000000000000 0.250000000000 -0.200000000000
6.000000000000 -4.000000000000 0.400000000000 -0.250000000000
6.000000000000 -3.000000000000 0.750000000000 -0.333333333333
6.000000000000 -2.000000000000 2.000000000000 -0.500000000000
6.000000000000 -1.000000000000 -1.500000000000 -1.000000000000
6.000000000000 0.000000000000 -6.000000000000 0.000000000000
6.000000000000 1.000000000000 -1.500000000000 1.000000000000
6.000000000000 2.000000000000 2.000000000000 0.500000000000
6.000000000000 3.000000000000 0.750000000000 0.333333333333
6.000000000000 4.000000000000 0.400000000000 0.250000000000
6.000000000000 5.000000000000 0.250000000000 0.200000000000
6.000000000000 6.000000000000 0.171428571429 0.166666666667
6.000000000000 7.000000000000 0.125000000000 0.142857142857
6.000000000000 8.000000000000 0.095238095238 0.125000000000
6.000000000000 9.000000000000 0.075000000000 0.111111111111
6.000000000000 10.000000000000 0.060606060606 0.100000000000
7.000000000000 -10.000000000000 0.070707070707 -0.100000000000
7.000000000000 -9.000000000000 0.087500000000 -0.111111111111
7.000000000000 -8.000000000000 0.111111111111 -0.125000000000
7.000000000000 -7.000000000000 0.145833333333 -0.142857142857
7.000000000000 -6.000000000000 0.200000000000 -0.166666666667
7.000000000000 -5.000000000000 0.291666666667 -0.200000000000
7.000000000000 -4.000000000000 0.466666666667 -0.250000000000
7.000000000000 -3.000000000000 0.875000000000 -0.333333333333
7.000000000000 -2.000000000000 2.333333333333 -0.500000000000
7.000000000000 -1.000000000000 -1.750000000000 -1.000000000000
7.000000000000 0.000000000000 -7.000000000000 0.000000000000
7.000000000000 1.000000000000 -1.750000000000 1.000000000000
7.000000000000 2.000000000000 2.333333333333 0.500000000000
7.000000000000 3.000000000000 0.875000000000 0.333333333333
7.000000000000 4.000000000000 0.466666666667 0.250000000000
7.000000000000 5.000000000000 0.291666666667 0.200000000000
7.000000000000 6.000000000000 0.200000000000 0.166666666667
7.000000000000 7.000000000000 0.145833333333 0.142857142857
7.000000000000 8.000000000000 0.111111111111 0.125000000000
7.000000000000 9.000000000000 0.087500000000 0.111111111111
7.000000000000 10.000000000000 0.070707070707 0.100000000000
8.000000000000 -10.000000000000 0.080808080808 -0.100000000000
8.000000000000 -9.000000000000 0.100000000000 -0.111111111111
8.000000000000 -8.000000000000 0.126984126984 -0.125000000000
8.000000000000 -7.000000000000 0.166666666667 -0.142857142857
8.000000000000 -6.000000000000 0.228571428571 -0.166666666667
8.000000000000 -5.000000000000 0.333333333333 -0.200000000000
8.000000000000 -4.000000000000 0.533333333333 -0.250000000000
8.000000000000 -3.000000000000 1.000000000000 -0.333333333333
8.000000000000 -2.000000000000 2.666666666667 -0.500000000000
8.000000000000 -1.000000000000 -2.000000000000 -1.000000000000
8.000000000000 0.000000000000 -8.000000000000 0.000000000000
8.000000000000 1.000000000000 -2.000000000000 1.000000000000
8.000000000000 2.000000000000 2.666666666667 0.500000000000
8.000000000000 3.000000000000 1.000000000000 0.333333333333
8.000000000000 4.000000000000 0.533333333333 0.250000000000
8.000000000000 5.000000000000 0.333333333333 0.200000000000
8.000000000000 6.000000000000 0.228571428571 0.166666666667
8.000000000000 7.000000000000 0.166666666667 0.142857142857
8.000000000000 8.000000000000 0.126984126984 0.125000000000
8.000000000000 9.000000000000 0.100000000000 0.111111111111
8.000000000000 10.000000000000 0.080808080808 0.100000000000
9.000000000000 -10.000000000000 0.090909090909 -0.100000000000
9.000000000000 -9.000000000000 0.112500000000 -0.111111111111
9.000000000000 -8.000000000000 0.142857142857 -0.125000000000
9.000000000000 -7.000000000000 0.187500000000 -0.142857142857
9.000000000000 -6.000000000000 0.257142857143 -0.166666666667
9.000000000000 -5.000000000000 0.375000000000 -0.200000000000
9.000000000000 -4.000000000000 0.600000000000 -0.250000000000
9.000000000000 -3.000000000000 1.125000000000 -0.333333333333
9.000000000000 -2.000000000000 3.000000000000 -0.500000000000
9.000000000000 -1.000000000000 -2.250000000000 -1.000000000000
9.000000000000 0.000000000000 -9.000000000000 0.000000000000
9.000000000000 1.000000000000 -2.250000000000 1.000000000000
9.000000000000 2.000000000000 3.000000000000 0.500000000000
9.000000000000 3.000000000000 1.125000000000 0.333333333333
9.000000000000 4.000000000000 0.600000000000 0.250000000000
9.000000000000 5.000000000000 0.375000000000 0.200000000000
9.000000000000 6.000000000000 0.257142857143 0.166666666667
9.000000000000 7.000000000000 0.187500000000 0.142857142857
9.000000000000 8.000000000000 0.142857142857 0.125000000000
9.000000000000 9.000000000000 0.112500000000 0.111111111111
9.000000000000 10.000000000000 0.090909090909 0.100000000000
10.000000000000 -10.000000000000 0.101010101010 -0.100000000000
10.000000000000 -9.000000000000 0.125000000000 -0.111111111111
10.000000000000 -8.000000000000 0.158730158730 -0.125000000000
10.000000000000 -7.000000000000 0.208333333333 -0.142857142857
10.000000000000 -6.000000000000 0.285714285714 -0.166666666667
10.000000000000 -5.000000000000 0.416666666667 -0.200000000000
10.000000000000 -4.000000000000 0.666666666667 -0.250000000000
10.000000000000 -3.000000000000 1.250000000000 -0.333333333333
10.000000000000 -2.000000000000 3.333333333333 -0.500000000000
10.000000000000 -1.000000000000 -2.500000000000 -1.000000000000
10.000000000000 0.000000000000 -10.000000000000 0.000000000000
10.000000000000 1.000000000000 -2.500000000000 1.000000000000
10.000000000000 2.000000000000 3.333333333333 0.500000000000
10.000000000000 3.000000000000 1.250000000000 0.333333333333
10.000000000000 4.000000000000 0.666666666667 0.250000000000
10.000000000000 5.000000000000 0.416666666667 0.200000000000
10.000000000000 6.000000000000 0.285714285714 0.166666666667
10.000000000000 7.000000000000 0.208333333333 0.142857142857
10.000000000000 8.000000000000 0.158730158730 0.125000000000
10.000000000000 9.000000000000 0.125000000000 0.111111111111
10.000000000000 10.000000000000 0.101010101010 0.100000000000
