2.500000000000 1.250000000000 0.000000000000
2.478247661721 1.256987502985 1.000000000000
2.456583312568 1.263801528634 2.000000000000
2.435007429522 1.270443593451 3.000000000000
2.413520477527 1.276915207747 4.000000000000
2.392122909596 1.283217875611 5.000000000000
2.370815166917 1.289353094870 6.000000000000
2.349597678955 1.295322357068 7.000000000000
2.328470863558 1.301127147429 8.000000000000
2.307435127060 1.306768944829 9.000000000000
2.286490864390 1.312249221770 10.000000000000
2.265638459164 1.317569444351 11.000000000000
2.244878283800 1.322731072239 12.000000000000
2.224210699611 1.327735558648 13.000000000000
2.203636056910 1.332584350307 14.000000000000
2.183154695115 1.337278887443 15.000000000000
2.162766942841 1.341820603750 16.000000000000
2.142473118010 1.346210926371 17.000000000000
2.122273527944 1.350451275874 18.000000000000
2.102168469467 1.354543066229 19.000000000000
2.082158229004 1.358487704792 20.000000000000
2.062243082681 1.362286592279 21.000000000000
2.042423296419 1.365941122750 22.000000000000
2.022699126036 1.369452683590 23.000000000000
2.003070817341 1.372822655492 24.000000000000
1.983538606232 1.376052412436 25.000000000000
1.964102718791 1.379143321678 26.000000000000
1.944763371383 1.382096743730 27.000000000000
1.925520770747 1.384914032345 28.000000000000
1.906375114094 1.387596534507 29.000000000000
1.887326589198 1.390145590410 30.000000000000
1.868375374493 1.392562533453 31.000000000000
1.849521639165 1.394848690219 32.000000000000
1.830765543246 1.397005380470 33.000000000000
1.812107237703 1.399033917134 34.000000000000
1.793546864535 1.400935606291 35.000000000000
1.775084556859 1.402711747167 36.000000000000
1.756720439005 1.404363632124 37.000000000000
1.738454626606 1.405892546651 38.000000000000
1.720287226685 1.407299769353 39.000000000000
1.702218337748 1.408586571950 40.000000000000
1.684248049870 1.409754219263 41.000000000000
1.666376444789 1.410803969213 42.000000000000
1.648603595985 1.411737072811 43.000000000000
1.630929568776 1.412554774158 44.000000000000
1.613354420401 1.413258310435 45.000000000000
1.595878200108 1.413848911903 46.000000000000
1.578500949239 1.414327801896 47.000000000000
1.561222701316 1.414696196823 48.000000000000
1.544043482126 1.414955306161 49.000000000000
1.526963309808 1.415106332456 50.000000000000
1.509982194934 1.415150471318 51.000000000000
1.493100140592 1.415088911427 52.000000000000
1.476317142475 1.414922834526 53.000000000000
1.459633188955 1.414653415425 54.000000000000
1.443048261175 1.414281822001 55.000000000000
1.426562333122 1.413809215199 56.000000000000
1.410175371714 1.413236749033 57.000000000000
1.393887336879 1.412565570591 58.000000000000
1.377698181634 1.411796820036 59.000000000000
1.361607852166 1.410931630608 60.000000000000
1.345616287912 1.409971128630 61.000000000000
1.329723421637 1.408916433512 62.000000000000
1.313929179513 1.407768657755 63.000000000000
1.298233481195 1.406528906955 64.000000000000
1.282636239900 1.405198279812 65.000000000000
1.267137362484 1.403777868131 66.000000000000
1.251736749520 1.402268756835 67.000000000000
1.236434295368 1.400672023967 68.000000000000
1.221229888259 1.398988740698 69.000000000000
1.206123410361 1.397219971337 70.000000000000
1.191114737860 1.395366773337 71.000000000000
1.176203741035 1.393430197306 72.000000000000
1.161390284323 1.391411287013 73.000000000000
1.146674226401 1.389311079399 74.000000000000
1.132055420254 1.387130604590 75.000000000000
1.117533713250 1.384870885902 76.000000000000
1.103108947208 1.382532939853 77.000000000000
1.088780958472 1.380117776179 78.000000000000
1.074549577980 1.377626397837 79.000000000000
1.060414631335 1.375059801025 80.000000000000
1.046375938877 1.372418975188 81.000000000000
1.032433315748 1.369704903036 82.000000000000
1.018586571961 1.366918560552 83.000000000000
1.004835512474 1.364060917007 84.000000000000
0.991179937251 1.361132934977 85.000000000000
0.977619641333 1.358135570351 86.000000000000
0.964154414905 1.355069772351 87.000000000000
0.950784043361 1.351936483541 88.000000000000
0.937508307371 1.348736639848 89.000000000000
0.924326982946 1.345471170574 90.000000000000
0.911239841503 1.342140998411 91.000000000000
0.898246649930 1.338747039459 92.000000000000
0.885347170650 1.335290203241 93.000000000000
0.872541161683 1.331771392722 94.000000000000
0.859828376714 1.328191504321 95.000000000000
0.847208565151 1.324551427934 96.000000000000
0.834681472188 1.320852046947 97.000000000000
0.822246838867 1.317094238257 98.000000000000
0.809904402144 1.313278872289 99.000000000000
0.797653894941 1.309406813012 100.000000000000
0.785495046216 1.305478917963 101.000000000000
0.773427581014 1.301496038260 102.000000000000
0.761451220536 1.297459018627 103.000000000000
0.749565682188 1.293368697408 104.000000000000
0.737770679650 1.289225906592 105.000000000000
0.726065922925 1.285031471828 106.000000000000
0.714451118403 1.280786212450 107.000000000000
0.702925968916 1.276490941493 108.000000000000
0.691490173794 1.272146465718 109.000000000000
0.680143428926 1.267753585631 110.000000000000
0.668885426808 1.263313095504 111.000000000000
0.657715856607 1.258825783398 112.000000000000
0.646634404211 1.254292431181 113.000000000000
0.635640752285 1.249713814556 114.000000000000
0.624734580326 1.245090703078 115.000000000000
0.613915564716 1.240423860180 116.000000000000
0.603183378777 1.235714043192 117.000000000000
0.592537692820 1.230962003368 118.000000000000
0.581978174204 1.226168485905 119.000000000000
0.571504487382 1.221334229970 120.000000000000
0.561116293956 1.216459968721 121.000000000000
0.550813252727 1.211546429331 122.000000000000
0.540595019749 1.206594333014 123.000000000000
0.530461248374 1.201604395045 124.000000000000
0.520411589307 1.196577324789 125.000000000000
0.510445690652 1.191513825722 126.000000000000
0.500563197966 1.186414595456 127.000000000000
0.490763754300 1.181280325766 128.000000000000
0.481047000258 1.176111702614 129.000000000000
0.471412574035 1.170909406171 130.000000000000
0.461860111470 1.165674110849 131.000000000000
0.452389246094 1.160406485318 132.000000000000
0.442999609171 1.155107192541 133.000000000000
0.433690829751 1.149776889790 134.000000000000
0.424462534714 1.144416228682 135.000000000000
0.415314348813 1.139025855196 136.000000000000
0.406245894721 1.133606409706 137.000000000000
0.397256793079 1.128158527003 138.000000000000
0.388346662533 1.122682836325 139.000000000000
0.379515119786 1.117179961380 140.000000000000
0.370761779636 1.111650520377 141.000000000000
0.362086255023 1.106095126049 142.000000000000
0.353488157068 1.100514385684 143.000000000000
0.344967095120 1.094908901147 144.000000000000
0.336522676796 1.089279268914 145.000000000000
0.328154508020 1.083626080093 146.000000000000
0.319862193070 1.077949920457 147.000000000000
0.311645334614 1.072251370468 148.000000000000
0.303503533754 1.066531005304 149.000000000000
0.295436390065 1.060789394894 150.000000000000
0.287443501633 1.055027103936 151.000000000000
0.279524465099 1.049244691933 152.000000000000
0.271678875693 1.043442713218 153.000000000000
0.263906327277 1.037621716981 154.000000000000
0.256206412381 1.031782247302 155.000000000000
0.248578722242 1.025924843173 156.000000000000
0.241022846842 1.020050038534 157.000000000000
0.233538374945 1.014158362296 158.000000000000
0.226124894134 1.008250338371 159.000000000000
0.218781990846 1.002326485704 160.000000000000
0.211509250412 0.996387318297 161.000000000000
0.204306257091 0.990433345243 162.000000000000
0.197172594103 0.984465070751 163.000000000000
0.190107843671 0.978482994178 164.000000000000
0.183111587048 0.972487610055 165.000000000000
0.176183404558 0.966479408121 166.000000000000
0.169322875626 0.960458873349 167.000000000000
0.162529578816 0.954426485976 168.000000000000
0.155803091859 0.948382721532 169.000000000000
0.149142991693 0.942328050871 170.000000000000
0.142548854491 0.936262940202 171.000000000000
0.136020255694 0.930187851112 172.000000000000
0.129556770047 0.924103240605 173.000000000000
0.123157971627 0.918009561123 174.000000000000
0.116823433876 0.911907260584 175.000000000000
0.110552729634 0.905796782404 176.000000000000
0.104345431166 0.899678565533 177.000000000000
0.098201110198 0.893553044482 178.000000000000
0.092119337943 0.887420649353 179.000000000000
0.086099685133 0.881281805871 180.000000000000
0.080141722050 0.875136935411 181.000000000000
0.074245018552 0.868986455030 182.000000000000
0.068409144106 0.862830777498 183.000000000000
0.062633667814 0.856670311325 184.000000000000
0.056918158445 0.850505460796 185.000000000000
0.051262184457 0.844336625996 186.000000000000
0.045665314033 0.838164202843 187.000000000000
0.040127115104 0.831988583118 188.000000000000
0.034647155375 0.825810154495 189.000000000000
0.029225002358 0.819629300571 190.000000000000
0.023860223391 0.813446400897 191.000000000000
0.018552385672 0.807261831007 192.000000000000
0.013301056281 0.801075962451 193.000000000000
0.008105802208 0.794889162820 194.000000000000
0.002966190376 0.788701795783 195.000000000000
-0.002118212330 0.782514221113 196.000000000000
-0.007147839040 0.776326794718 197.000000000000
-0.012123122875 0.770139868671 198.000000000000
-0.017044496919 0.763953791243 199.000000000000
-0.021912394198 0.757768906930 200.000000000000
-0.026727247653 0.751585556484 201.000000000000
-0.031489490120 0.745404076946 202.000000000000
-0.036199554301 0.739224801672 203.000000000000
-0.040857872746 0.733048060367 204.000000000000
-0.045464877826 0.726874179113 205.000000000000
-0.050021001714 0.720703480400 206.000000000000
-0.054526676359 0.714536283158 207.000000000000
-0.058982333463 0.708372902783 208.000000000000
-0.063388404465 0.702213651171 209.000000000000
-0.067745320511 0.696058836747 210.000000000000
-0.072053512438 0.689908764496 211.000000000000
-0.076313410752 0.683763735991 212.000000000000
-0.080525445604 0.677624049425 213.000000000000
-0.084690046773 0.671489999639 214.000000000000
-0.088807643641 0.665361878157 215.000000000000
-0.092878665179 0.659239973210 216.000000000000
-0.096903539918 0.653124569770 217.000000000000
-0.100882695937 0.647015949578 218.000000000000
-0.104816560840 0.640914391174 219.000000000000
-0.108705561736 0.634820169929 220.000000000000
-0.112550125219 0.628733558074 221.000000000000
-0.116350677354 0.622654824727 222.000000000000
-0.120107643650 0.616584235928 223.000000000000
-0.123821449051 0.610522054664 224.000000000000
-0.127492517907 0.604468540902 225.000000000000
-0.131121273966 0.598423951615 226.000000000000
-0.134708140348 0.592388540818 227.000000000000
-0.138253539532 0.586362559591 228.000000000000
-0.141757893337 0.580346256111 229.000000000000
-0.145221622904 0.574339875684 230.000000000000
-0.148645148679 0.568343660771 231.000000000000
-0.152028890399 0.562357851018 232.000000000000
-0.155373267069 0.556382683287 233.000000000000
-0.158678696951 0.550418391685 234.000000000000
-0.161945597545 0.544465207592 235.000000000000
-0.165174385576 0.538523359691 236.000000000000
-0.168365476970 0.532593073996 237.000000000000
-0.171519286850 0.526674573885 238.000000000000
-0.174636229510 0.520768080124 239.000000000000
-0.177716718404 0.514873810899 240.000000000000
-0.180761166131 0.508991981845 241.000000000000
-0.183769984419 0.503122806072 242.000000000000
-0.186743584111 0.497266494198 243.000000000000
-0.189682375149 0.491423254375 244.000000000000
-0.192586766559 0.485593292318 245.000000000000
-0.195457166438 0.479776811335 246.000000000000
-0.198293981940 0.473974012353 247.000000000000
-0.201097619262 0.468185093950 248.000000000000
-0.203868483627 0.462410252381 249.000000000000
-0.206606979274 0.456649681605 250.000000000000
-0.209313509444 0.450903573318 251.000000000000
-0.211988476363 0.445172116977 252.000000000000
-0.214632281234 0.439455499829 253.000000000000
-0.217245324220 0.433753906940 254.000000000000
-0.219828004433 0.428067521224 255.000000000000
-0.222380719920 0.422396523469 256.000000000000
-0.224903867649 0.416741092364 257.000000000000
-0.227397843502 0.411101404530 258.000000000000
-0.229863042257 0.405477634545 259.000000000000
-0.232299857578 0.399869954972 260.000000000000
-0.234708682001 0.394278536390 261.000000000000
-0.237089906927 0.388703547416 262.000000000000
-0.239443922605 0.383145154735 263.000000000000
-0.241771118122 0.377603523128 264.000000000000
-0.244071881392 0.372078815500 265.000000000000
-0.246346599145 0.366571192904 266.000000000000
-0.248595656915 0.361080814569 267.000000000000
-0.250819439028 0.355607837931 268.000000000000
-0.253018328592 0.350152418653 269.000000000000
-0.255192707487 0.344714710658 270.000000000000
-0.257342956352 0.339294866153 271.000000000000
-0.259469454576 0.333893035654 272.000000000000
-0.261572580288 0.328509368018 273.000000000000
-0.263652710344 0.323144010462 274.000000000000
-0.265710220319 0.317797108596 275.000000000000
-0.267745484497 0.312468806445 276.000000000000
-0.269758875858 0.307159246478 277.000000000000
-0.271750766072 0.301868569633 278.000000000000
-0.273721525486 0.296596915341 279.000000000000
-0.275671523116 0.291344421556 280.000000000000
-0.277601126637 0.286111224777 281.000000000000
-0.279510702372 0.280897460078 282.000000000000
-0.281400615285 0.275703261127 283.000000000000
-0.283271228969 0.270528760220 284.000000000000
-0.285122905640 0.265374088298 285.000000000000
-0.286956006125 0.260239374981 286.000000000000
-0.288770889854 0.255124748583 287.000000000000
-0.290567914850 0.250030336148 288.000000000000
-0.292347437723 0.244956263467 289.000000000000
-0.294109813657 0.239902655106 290.000000000000
-0.295855396406 0.234869634432 291.000000000000
-0.297584538280 0.229857323637 292.000000000000
-0.299297590141 0.224865843758 293.000000000000
-0.300994901394 0.219895314711 294.000000000000
-0.302676819974 0.214945855308 295.000000000000
-0.304343692344 0.210017583281 296.000000000000
-0.305995863484 0.205110615313 297.000000000000
-0.307633676881 0.200225067056 298.000000000000
-0.309257474522 0.195361053156 299.000000000000
-0.310867596891 0.190518687279 300.000000000000
-0.312464382951 0.185698082134 301.000000000000
-0.314048170145 0.180899349496 302.000000000000
-0.315619294385 0.176122600229 303.000000000000
-0.317178090043 0.171367944313 304.000000000000
-0.318724889944 0.166635490864 305.000000000000
-0.320260025362 0.161925348157 306.000000000000
-0.321783826005 0.157237623651 307.000000000000
-0.323296620014 0.152572424014 308.000000000000
-0.324798733953 0.147929855140 309.000000000000
-0.326290492803 0.143310022177 310.000000000000
-0.327772219951 0.138713029549 311.000000000000
-0.329244237188 0.134138980976 312.000000000000
-0.330706864695 0.129587979499 313.000000000000
-0.332160421044 0.125060127504 314.000000000000
-0.333605223184 0.120555526737 315.000000000000
-0.335041586437 0.116074278337 316.000000000000
-0.336469824491 0.111616482847 317.000000000000
-0.337890249391 0.107182240245 318.000000000000
-0.339303171534 0.102771649961 319.000000000000
-0.340708899661 0.098384810898 320.000000000000
-0.342107740852 0.094021821459 321.000000000000
-0.343500000515 0.089682779561 322.000000000000
-0.344885982384 0.085367782664 323.000000000000
-0.346265988508 0.081076927785 324.000000000000
-0.347640319247 0.076810311525 325.000000000000
-0.349009273264 0.072568030088 326.000000000000
-0.350373147519 0.068350179300 327.000000000000
-0.351732237261 0.064156854632 328.000000000000
-0.353086836024 0.059988151221 329.000000000000
-0.354437235616 0.055844163888 330.000000000000
-0.355783726117 0.051724987162 331.000000000000
-0.357126595868 0.047630715297 332.000000000000
-0.358466131470 0.043561442293 333.000000000000
-0.359802617770 0.039517261919 334.000000000000
-0.361136337862 0.035498267727 335.000000000000
-0.362467573076 0.031504553080 336.000000000000
-0.363796602971 0.027536211162 337.000000000000
-0.365123705330 0.023593335007 338.000000000000
-0.366449156157 0.019676017511 339.000000000000
-0.367773229662 0.015784351456 340.000000000000
-0.369096198263 0.011918429528 341.000000000000
-0.370418332573 0.008078344333 342.000000000000
-0.371739901400 0.004264188421 343.000000000000
-0.373061171733 0.000476054302 344.000000000000
-0.374382408743 -0.003285965534 345.000000000000
-0.375703875770 -0.007021778602 346.000000000000
-0.377025834321 -0.010731292399 347.000000000000
-0.378348544063 -0.014414414387 348.000000000000
-0.379672262814 -0.018071051977 349.000000000000
-0.380997246539 -0.021701112509 350.000000000000
-0.382323749341 -0.025304503233 351.000000000000
-0.383652023459 -0.028881131295 352.000000000000
-0.384982319256 -0.032430903716 353.000000000000
-0.386314885216 -0.035953727374 354.000000000000
-0.387649967938 -0.039449508990 355.000000000000
-0.388987812124 -0.042918155108 356.000000000000
-0.390328660582 -0.046359572080 357.000000000000
-0.391672754210 -0.049773666045 358.000000000000
-0.393020331994 -0.053160342918 359.000000000000
-0.394371631002 -0.056519508367 360.000000000000
-0.395726886376 -0.059851067802 361.000000000000
-0.397086331325 -0.063154926355 362.000000000000
-0.398450197118 -0.066430988865 363.000000000000
-0.399818713081 -0.069679159861 364.000000000000
-0.401192106585 -0.072899343547 365.000000000000
-0.402570603043 -0.076091443785 366.000000000000
-0.403954425902 -0.079255364082 367.000000000000
-0.405343796636 -0.082391007568 368.000000000000
-0.406738934741 -0.085498276989 369.000000000000
-0.408140057726 -0.088577074685 370.000000000000
-0.409547381105 -0.091627302576 371.000000000000
-0.410961118396 -0.094648862151 372.000000000000
-0.412381481107 -0.097641654447 373.000000000000
-0.413808678734 -0.100605580040 374.000000000000
-0.415242918752 -0.103540539025 375.000000000000
-0.416684406607 -0.106446431006 376.000000000000
-0.418133345713 -0.109323155078 377.000000000000
-0.419589937439 -0.112170609817 378.000000000000
-0.421054381108 -0.114988693259 379.000000000000
-0.422526873986 -0.117777302895 380.000000000000
-0.424007611274 -0.120536335650 381.000000000000
-0.425496786107 -0.123265687872 382.000000000000
-0.426994589537 -0.125965255319 383.000000000000
-0.428501210535 -0.128634933145 384.000000000000
-0.430016835979 -0.131274615886 385.000000000000
-0.431541650646 -0.133884197448 386.000000000000
-0.433075837206 -0.136463571095 387.000000000000
-0.434619576217 -0.139012629433 388.000000000000
-0.436173046111 -0.141531264401 389.000000000000
-0.437736423194 -0.144019367256 390.000000000000
-0.439309881633 -0.146476828561 391.000000000000
-0.440893593450 -0.148903538174 392.000000000000
-0.442487728514 -0.151299385236 393.000000000000
-0.444092454536 -0.153664258157 394.000000000000
-0.445707937055 -0.155998044606 395.000000000000
-0.447334339438 -0.158300631499 396.000000000000
-0.448971822865 -0.160571904989 397.000000000000
-0.450620546325 -0.162811750451 398.000000000000
-0.452280666607 -0.165020052475 399.000000000000
-0.453952338294 -0.167196694852 400.000000000000
-0.455635713749 -0.169341560565 401.000000000000
-0.457330943113 -0.171454531779 402.000000000000
-0.459038174295 -0.173535489826 403.000000000000
-0.460757552960 -0.175584315202 404.000000000000
-0.462489222528 -0.177600887548 405.000000000000
-0.464233324158 -0.179585085649 406.000000000000
-0.465989996744 -0.181536787418 407.000000000000
-0.467759376905 -0.183455869886 408.000000000000
-0.469541598977 -0.185342209198 409.000000000000
-0.471336795004 -0.187195680599 410.000000000000
-0.473145094728 -0.189016158423 411.000000000000
-0.474966625583 -0.190803516091 412.000000000000
-0.476801512685 -0.192557626095 413.000000000000
-0.478649878820 -0.194278359994 414.000000000000
-0.480511844441 -0.195965588400 415.000000000000
-0.482387527652 -0.197619180978 416.000000000000
-0.484277044207 -0.199239006429 417.000000000000
-0.486180507491 -0.200824932486 418.000000000000
-0.488098028521 -0.202376825908 419.000000000000
-0.490029715929 -0.203894552469 420.000000000000
-0.491975675956 -0.205377976949 421.000000000000
-0.493936012441 -0.206826963131 422.000000000000
-0.495910826813 -0.208241373793 423.000000000000
-0.497900218082 -0.209621070697 424.000000000000
-0.499904282825 -0.210965914586 425.000000000000
-0.501923115183 -0.212275765174 426.000000000000
-0.503956806844 -0.213550481145 427.000000000000
-0.506005447039 -0.214789920140 428.000000000000
-0.508069122528 -0.215993938753 429.000000000000
-0.510147917593 -0.217162392527 430.000000000000
-0.512241914025 -0.218295135947 431.000000000000
-0.514351191117 -0.219392022433 432.000000000000
-0.516475825650 -0.220452904336 433.000000000000
-0.518615891887 -0.221477632931 434.000000000000
-0.520771461558 -0.222466058414 435.000000000000
-0.522942603853 -0.223418029894 436.000000000000
-0.525129385410 -0.224333395392 437.000000000000
-0.527331870305 -0.225212001833 438.000000000000
-0.529550120040 -0.226053695044 439.000000000000
-0.531784193534 -0.226858319745 440.000000000000
-0.534034147110 -0.227625719553 441.000000000000
-0.536300034486 -0.228355736971 442.000000000000
-0.538581906764 -0.229048213387 443.000000000000
-0.540879812417 -0.229702989069 444.000000000000
-0.543193797280 -0.230319903164 445.000000000000
-0.545523904535 -0.230898793693 446.000000000000
-0.547870174706 -0.231439497549 447.000000000000
-0.550232645642 -0.231941850493 448.000000000000
-0.552611352507 -0.232405687152 449.000000000000
-0.555006327770 -0.232830841016 450.000000000000
-0.557417601193 -0.233217144437 451.000000000000
-0.559845199815 -0.233564428625 452.000000000000
-0.562289147948 -0.233872523650 453.000000000000
-0.564749467157 -0.234141258435 454.000000000000
-0.567226176254 -0.234370460757 455.000000000000
-0.569719291283 -0.234559957246 456.000000000000
-0.572228825510 -0.234709573385 457.000000000000
-0.574754789406 -0.234819133507 458.000000000000
-0.577297190642 -0.234888460793 459.000000000000
-0.579856034070 -0.234917377275 460.000000000000
-0.582431321715 -0.234905703836 461.000000000000
-0.585023052759 -0.234853260204 462.000000000000
-0.587631223531 -0.234759864958 463.000000000000
-0.590255827493 -0.234625335526 464.000000000000
-0.592896855229 -0.234449488187 465.000000000000
-0.595554294430 -0.234232138067 466.000000000000
-0.598228129880 -0.233973099148 467.000000000000
-0.600918343446 -0.233672184259 468.000000000000
-0.603624914066 -0.233329205085 469.000000000000
-0.606347817730 -0.232943972168 470.000000000000
-0.609087027473 -0.232516294904 471.000000000000
-0.611842513355 -0.232045981548 472.000000000000
-0.614614242457 -0.231532839216 473.000000000000
-0.617402178857 -0.230976673887 474.000000000000
-0.620206283625 -0.230377290405 475.000000000000
-0.623026514802 -0.229734492484 476.000000000000
-0.625862827395 -0.229048082706 477.000000000000
-0.628715173353 -0.228317862531 478.000000000000
-0.631583501561 -0.227543632293 479.000000000000
-0.634467757824 -0.226725191210 480.000000000000
-0.637367884850 -0.225862337385 481.000000000000
-0.640283822239 -0.224954867807 482.000000000000
-0.643215506470 -0.224002578362 483.000000000000
-0.646162870881 -0.223005263831 484.000000000000
-0.649125845660 -0.221962717899 485.000000000000
-0.652104357830 -0.220874733159 486.000000000000
-0.655098331231 -0.219741101113 487.000000000000
-0.658107686509 -0.218561612184 488.000000000000
-0.661132341100 -0.217336055717 489.000000000000
-0.664172209214 -0.216064219986 490.000000000000
-0.667227201825 -0.214745892200 491.000000000000
-0.670297226647 -0.213380858510 492.000000000000
-0.673382188130 -0.211968904014 493.000000000000
-0.676481987436 -0.210509812766 494.000000000000
-0.679596522429 -0.209003367778 495.000000000000
-0.682725687657 -0.207449351033 496.000000000000
-0.685869374341 -0.205847543491 497.000000000000
-0.689027470352 -0.204197725092 498.000000000000
-0.692199860204 -0.202499674770 499.000000000000
-0.695386425033 -0.200753170458 500.000000000000
-0.698587042584 -0.198957989096 501.000000000000
-0.701801587195 -0.197113906642 502.000000000000
-0.705029929779 -0.195220698076 503.000000000000
-0.708271937811 -0.193278137415 504.000000000000
-0.711527475314 -0.191285997718 505.000000000000
-0.714796402836 -0.189244051098 506.000000000000
-0.718078577442 -0.187152068730 507.000000000000
-0.721373852692 -0.185009820862 508.000000000000
-0.724682078630 -0.182817076824 509.000000000000
-0.728003101764 -0.180573605040 510.000000000000
-0.731336765050 -0.178279173040 511.000000000000
-0.734682907878 -0.175933547465 512.000000000000
-0.738041366054 -0.173536494087 513.000000000000
-0.741411971785 -0.171087777814 514.000000000000
-0.744794553660 -0.168587162702 515.000000000000
-0.748188936636 -0.166034411972 516.000000000000
-0.751594942022 -0.163429288016 517.000000000000
-0.755012387458 -0.160771552414 518.000000000000
-0.758441086902 -0.158060965946 519.000000000000
-0.761880850614 -0.155297288601 520.000000000000
-0.765331485136 -0.152480279596 521.000000000000
-0.768792793278 -0.149609697388 522.000000000000
-0.772264574098 -0.146685299684 523.000000000000
-0.775746622890 -0.143706843459 524.000000000000
-0.779238731160 -0.140674084972 525.000000000000
-0.782740686617 -0.137586779773 526.000000000000
-0.786252273148 -0.134444682726 527.000000000000
-0.789773270807 -0.131247548019 528.000000000000
-0.793303455794 -0.127995129184 529.000000000000
-0.796842600440 -0.124687179107 530.000000000000
-0.800390473189 -0.121323450048 531.000000000000
-0.803946838579 -0.117903693656 532.000000000000
-0.807511457228 -0.114427660985 533.000000000000
-0.811084085813 -0.110895102512 534.000000000000
-0.814664477056 -0.107305768153 535.000000000000
-0.818252379702 -0.103659407281 536.000000000000
-0.821847538506 -0.099955768742 537.000000000000
-0.825449694215 -0.096194600876 538.000000000000
-0.829058583545 -0.092375651531 539.000000000000
-0.832673939171 -0.088498668085 540.000000000000
-0.836295489704 -0.084563397463 541.000000000000
-0.839922959675 -0.080569586157 542.000000000000
-0.843556069516 -0.076516980244 543.000000000000
-0.847194535547 -0.072405325406 544.000000000000
-0.850838069950 -0.068234366950 545.000000000000
-0.854486380759 -0.064003849830 546.000000000000
-0.858139171837 -0.059713518662 547.000000000000
-0.861796142861 -0.055363117753 548.000000000000
-0.865456989304 -0.050952391114 549.000000000000
-0.869121402414 -0.046481082486 550.000000000000
-0.872789069200 -0.041948935359 551.000000000000
-0.876459672412 -0.037355692998 552.000000000000
-0.880132890522 -0.032701098459 553.000000000000
-0.883808397709 -0.027984894619 554.000000000000
-0.887485863838 -0.023206824190 555.000000000000
-0.891164954445 -0.018366629751 556.000000000000
-0.894845330716 -0.013464053765 557.000000000000
-0.898526649471 -0.008498838606 558.000000000000
-0.902208563145 -0.003470726581 559.000000000000
-0.905890719770 0.001620540043 560.000000000000
-0.909572762956 0.006775219017 561.000000000000
-0.913254331878 0.011993568085 562.000000000000
-0.916935061249 0.017275844956 563.000000000000
-0.920614581312 0.022622307281 564.000000000000
-0.924292517813 0.028033212627 565.000000000000
-0.927968491989 0.033508818449 566.000000000000
-0.931642120548 0.039049382066 567.000000000000
-0.935313015650 0.044655160631 568.000000000000
-0.938980784891 0.050326411107 569.000000000000
-0.942645031283 0.056063390238 570.000000000000
-0.946305353238 0.061866354522 571.000000000000
-0.949961344548 0.067735560180 572.000000000000
-0.953612594368 0.073671263132 573.000000000000
-0.957258687201 0.079673718966 574.000000000000
-0.960899202873 0.085743182907 575.000000000000
-0.964533716522 0.091879909793 576.000000000000
-0.968161798577 0.098084154040 577.000000000000
-0.971783014742 0.104356169612 578.000000000000
-0.975396925975 0.110696209995 579.000000000000
-0.979003088473 0.117104528163 580.000000000000
-0.982601053654 0.123581376547 581.000000000000
-0.986190368139 0.130127007005 582.000000000000
-0.989770573733 0.136741670789 583.000000000000
-0.993341207411 0.143425618513 584.000000000000
-0.996901801295 0.150179100121 585.000000000000
-1.000451882642 0.157002364855 586.000000000000
-1.003990973823 0.163895661222 587.000000000000
-1.007518592308 0.170859236956 588.000000000000
-1.011034250647 0.177893338992 589.000000000000
-1.014537456452 0.184998213425 590.000000000000
-1.018027712382 0.192174105481 591.000000000000
-1.021504516124 0.199421259476 592.000000000000
-1.024967360379 0.206739918787 593.000000000000
-1.028415732839 0.214130325814 594.000000000000
-1.031849116176 0.221592721942 595.000000000000
-1.035266988023 0.229127347508 596.000000000000
-1.038668820955 0.236734441763 597.000000000000
-1.042054082477 0.244414242836 598.000000000000
-1.045422235002 0.252166987694 599.000000000000
-1.048772735837 0.259992912109 600.000000000000
-1.052105037168 0.267892250615 601.000000000000
-1.055418586042 0.275865236474 602.000000000000
-1.058712824350 0.283912101634 603.000000000000
-1.061987188810 0.292033076692 604.000000000000
-1.065241110955 0.300228390853 605.000000000000
-1.068474017113 0.308498271892 606.000000000000
-1.071685328391 0.316842946112 607.000000000000
-1.074874460664 0.325262638305 608.000000000000
-1.078040824551 0.333757571710 609.000000000000
-1.081183825409 0.342327967972 610.000000000000
-1.084302863309 0.350974047103 611.000000000000
-1.087397333025 0.359696027434 612.000000000000
-1.090466624020 0.368494125579 613.000000000000
-1.093510120426 0.377368556387 614.000000000000
-1.096527201033 0.386319532903 615.000000000000
-1.099517239272 0.395347266324 616.000000000000
-1.102479603203 0.404451965951 617.000000000000
-1.105413655497 0.413633839150 618.000000000000
-1.108318753421 0.422893091306 619.000000000000
-1.111194248829 0.432229925774 620.000000000000
-1.114039488143 0.441644543840 621.000000000000
-1.116853812338 0.451137144669 622.000000000000
-1.119636556933 0.460707925266 623.000000000000
-1.122387051974 0.470357080422 624.000000000000
-1.125104622019 0.480084802671 625.000000000000
-1.127788586127 0.489891282244 626.000000000000
-1.130438257846 0.499776707017 627.000000000000
-1.133052945196 0.509741262469 628.000000000000
-1.135631950657 0.519785131627 629.000000000000
-1.138174571158 0.529908495022 630.000000000000
-1.140680098066 0.540111530636 631.000000000000
-1.143147817166 0.550394413858 632.000000000000
-1.145577008657 0.560757317426 633.000000000000
-1.147966947135 0.571200411386 634.000000000000
-1.150316901585 0.581723863031 635.000000000000
-1.152626135365 0.592327836860 636.000000000000
-1.154893906196 0.603012494518 637.000000000000
-1.157119466153 0.613777994749 638.000000000000
-1.159302061649 0.624624493343 639.000000000000
-1.161440933432 0.635552143082 640.000000000000
-1.163535316564 0.646561093686 641.000000000000
-1.165584440419 0.657651491762 642.000000000000
-1.167587528671 0.668823480749 643.000000000000
-1.169543799278 0.680077200862 644.000000000000
-1.171452464482 0.691412789042 645.000000000000
-1.173312730790 0.702830378894 646.000000000000
-1.175123798972 0.714330100638 647.000000000000
-1.176884864047 0.725912081047 648.000000000000
-1.178595115276 0.737576443397 649.000000000000
-1.180253736154 0.749323307405 650.000000000000
-1.181859904400 0.761152789174 651.000000000000
-1.183412791951 0.773065001137 652.000000000000
-1.184911564953 0.785060051995 653.000000000000
-1.186355383750 0.797138046663 654.000000000000
-1.187743402884 0.809299086208 655.000000000000
-1.189074771083 0.821543267790 656.000000000000
-1.190348631252 0.833870684607 657.000000000000
-1.191564120474 0.846281425828 658.000000000000
-1.192720369996 0.858775576538 659.000000000000
-1.193816505227 0.871353217673 660.000000000000
-1.194851645733 0.884014425964 661.000000000000
-1.195824905229 0.896759273869 662.000000000000
-1.196735391577 0.909587829519 663.000000000000
-1.197582206776 0.922500156645 664.000000000000
-1.198364446964 0.935496314526 665.000000000000
-1.199081202410 0.948576357919 666.000000000000
-1.199731557511 0.961740336995 667.000000000000
-1.200314590789 0.974988297281 668.000000000000
-1.200829374885 0.988320279588 669.000000000000
-1.201274976562 1.001736319951 670.000000000000
-1.201650456697 1.015236449563 671.000000000000
-1.201954870280 1.028820694706 672.000000000000
-1.202187266415 1.042489076691 673.000000000000
-1.202346688314 1.056241611784 674.000000000000
-1.202432173301 1.070078311145 675.000000000000
-1.202442752805 1.083999180758 676.000000000000
-1.202377452367 1.098004221364 677.000000000000
-1.202235291634 1.112093428392 678.000000000000
-1.202015284360 1.126266791890 679.000000000000
-1.201716438411 1.140524296458 680.000000000000
-1.201337755762 1.154865921177 681.000000000000
-1.200878232498 1.169291639539 682.000000000000
-1.200336858819 1.183801419377 683.000000000000
-1.199712619040 1.198395222795 684.000000000000
-1.199004491596 1.213073006096 685.000000000000
-1.198211449042 1.227834719712 686.000000000000
-1.197332458057 1.242680308129 687.000000000000
-1.196366479451 1.257609709819 688.000000000000
-1.195312468165 1.272622857162 689.000000000000
-1.194169373279 1.287719676377 690.000000000000
-1.192936138016 1.302900087449 691.000000000000
-1.191611699747 1.318164004050 692.000000000000
-1.190194989997 1.333511333471 693.000000000000
-1.188684934454 1.348941976541 694.000000000000
-1.187080452972 1.364455827556 695.000000000000
-1.185380459583 1.380052774203 696.000000000000
-1.183583862500 1.395732697482 697.000000000000
-1.181689564127 1.411495471631 698.000000000000
-1.179696461072 1.427340964050 699.000000000000
-1.177603444149 1.443269035221 700.000000000000
-1.175409398394 1.459279538633 701.000000000000
-1.173113203071 1.475372320703 702.000000000000
-1.170713731685 1.491547220698 703.000000000000
-1.168209851994 1.507804070653 704.000000000000
-1.165600426019 1.524142695298 705.000000000000
-1.162884310054 1.540562911973 706.000000000000
-1.160060354686 1.557064530550 707.000000000000
-1.157127404800 1.573647353352 708.000000000000
-1.154084299600 1.590311175072 709.000000000000
-1.150929872617 1.607055782692 710.000000000000
-1.147662951730 1.623880955404 711.000000000000
-1.144282359176 1.640786464523 712.000000000000
-1.140786911569 1.657772073407 713.000000000000
-1.137175419917 1.674837537374 714.000000000000
-1.133446689638 1.691982603621 715.000000000000
-1.129599520576 1.709207011136 716.000000000000
-1.125632707024 1.726510490618 717.000000000000
-1.121545037737 1.743892764389 718.000000000000
-1.117335295957 1.761353546313 719.000000000000
-1.113002259428 1.778892541707 720.000000000000
-1.108544700422 1.796509447260 721.000000000000
-1.103961385754 1.814203950941 722.000000000000
-1.099251076810 1.831975731920 723.000000000000
-1.094412529564 1.849824460474 724.000000000000
-1.089444494606 1.867749797905 725.000000000000
-1.084345717162 1.885751396451 726.000000000000
-1.079114937121 1.903828899197 727.000000000000
-1.073750889057 1.921981939989 728.000000000000
-1.068252302257 1.940210143342 729.000000000000
-1.062617900746 1.958513124357 730.000000000000
-1.056846403317 1.976890488625 731.000000000000
-1.050936523554 1.995341832141 732.000000000000
-1.044886969863 2.013866741214 733.000000000000
-1.038696445500 2.032464792375 734.000000000000
-1.032363648601 2.051135552287 735.000000000000
-1.025887272214 2.069878577654 736.000000000000
-1.019266004326 2.088693415131 737.000000000000
-1.012498527899 2.107579601227 738.000000000000
-1.005583520900 2.126536662221 739.000000000000
-0.998519656335 2.145564114061 740.000000000000
-0.991305602281 2.164661462277 741.000000000000
-0.983940021926 2.183828201885 742.000000000000
-0.976421573596 2.203063817295 743.000000000000
-0.968748910799 2.222367782215 744.000000000000
-0.960920682257 2.241739559559 745.000000000000
-0.952935531946 2.261178601350 746.000000000000
-0.944792099133 2.280684348629 747.000000000000
-0.936489018416 2.300256231354 748.000000000000
-0.928024919762 2.319893668311 749.000000000000
-0.919398428552 2.339596067012 750.000000000000
-0.910608165617 2.359362823604 751.000000000000
-0.901652747284 2.379193322767 752.000000000000
-0.892530785419 2.399086937622 753.000000000000
-0.883240887468 2.419043029632 754.000000000000
-0.873781656505 2.439060948504 755.000000000000
-0.864151691275 2.459140032092 756.000000000000
-0.854349586244 2.479279606299 757.000000000000
-0.844373931640 2.499478984977 758.000000000000
-0.834223313506 2.519737469830 759.000000000000
-0.823896313751 2.540054350314 760.000000000000
-0.813391510190 2.560428903541 761.000000000000
-0.802707476606 2.580860394174 762.000000000000
-0.791842782795 2.601348074329 763.000000000000
-0.780795994618 2.621891183480 764.000000000000
-0.769565674059 2.642488948350 765.000000000000
-0.758150379273 2.663140582818 766.000000000000
-0.746548664647 2.683845287812 767.000000000000
-0.734759080850 2.704602251212 768.000000000000
-0.722780174896 2.725410647749 769.000000000000
-0.710610490196 2.746269638897 770.000000000000
-0.698248566622 2.767178372780 771.000000000000
-0.685692940561 2.788135984062 772.000000000000
-0.672942144982 2.809141593850 773.000000000000
-0.659994709491 2.830194309589 774.000000000000
-0.646849160399 2.851293224957 775.000000000000
-0.633504020780 2.872437419766 776.000000000000
-0.619957810543 2.893625959857 777.000000000000
-0.606209046488 2.914857896994 778.000000000000
-0.592256242380 2.936132268765 779.000000000000
-0.578097909014 2.957448098473 780.000000000000
-0.563732554280 2.978804395034 781.000000000000
-0.549158683239 3.000200152874 782.000000000000
-0.534374798188 3.021634351822 783.000000000000
-0.519379398731 3.043105957006 784.000000000000
-0.504170981858 3.064613918748 785.000000000000
-0.488748042010 3.086157172458 786.000000000000
-0.473109071160 3.107734638532 787.000000000000
-0.457252558886 3.129345222240 788.000000000000
-0.441176992446 3.150987813627 789.000000000000
-0.424880856859 3.172661287404 790.000000000000
-0.408362634982 3.194364502841 791.000000000000
-0.391620807590 3.216096303663 792.000000000000
-0.374653853456 3.237855517941 793.000000000000
-0.357460249436 3.259640957988 794.000000000000
-0.340038470550 3.281451420254 795.000000000000
-0.322386990063 3.303285685212 796.000000000000
-0.304504279579 3.325142517259 797.000000000000
-0.286388809119 3.347020664606 798.000000000000
-0.268039047212 3.368918859170 799.000000000000
-0.249453460985 3.390835816467 800.000000000000
-0.230630516250 3.412770235506 801.000000000000
-0.211568677600 3.434720798681 802.000000000000
-0.192266408493 3.456686171664 803.000000000000
-0.172722171354 3.478665003295 804.000000000000
-0.152934427666 3.500655925478 805.000000000000
-0.132901638062 3.522657553072 806.000000000000
-0.112622262430 3.544668483780 807.000000000000
-0.092094760003 3.566687298046 808.000000000000
-0.071317589466 3.588712558945 809.000000000000
-0.050289209050 3.610742812076 810.000000000000
-0.029008076637 3.632776585452 811.000000000000
-0.007472649863 3.654812389392 812.000000000000
0.014318613779 3.676848716419 813.000000000000
0.036367256830 3.698884041142 814.000000000000
0.058674821764 3.720916820157 815.000000000000
0.081242850876 3.742945491935 816.000000000000
0.104072886172 3.764968476713 817.000000000000
0.127166469262 3.786984176389 818.000000000000
0.150525141244 3.808990974413 819.000000000000
0.174150442594 3.830987235676 820.000000000000
0.198043913050 3.852971306409 821.000000000000
0.222207091499 3.874941514067 822.000000000000
0.246641515853 3.896896167229 823.000000000000
0.271348722938 3.918833555485 824.000000000000
0.296330248373 3.940751949331 825.000000000000
0.321587626444 3.962649600059 826.000000000000
0.347122389987 3.984524739653 827.000000000000
0.372936070262 4.006375580680 828.000000000000
0.399030196828 4.028200316182 829.000000000000
0.425406297415 4.049997119570 830.000000000000
0.452065897801 4.071764144518 831.000000000000
0.479010521677 4.093499524852 832.000000000000
0.506241690520 4.115201374450 833.000000000000
0.533760923459 4.136867787130 834.000000000000
0.561569737144 4.158496836545 835.000000000000
0.589669645606 4.180086576078 836.000000000000
0.618062160129 4.201635038737 837.000000000000
0.646748789105 4.223140237044 838.000000000000
0.675731037897 4.244600162936 839.000000000000
0.705010408701 4.266012787655 840.000000000000
0.734588400400 4.287376061645 841.000000000000
0.764466508423 4.308687914448 842.000000000000
0.794646224601 4.329946254595 843.000000000000
0.825129037016 4.351148969506 844.000000000000
0.855916429859 4.372293925385 845.000000000000
0.887009883276 4.393378967113 846.000000000000
0.918410873222 4.414401918150 847.000000000000
0.950120871301 4.435360580425 848.000000000000
0.982141344622 4.456252734240 849.000000000000
1.014473755633 4.477076138160 850.000000000000
1.047119561975 4.497828528918 851.000000000000
1.080080216313 4.518507621306 852.000000000000
1.113357166185 4.539111108079 853.000000000000
1.146951853835 4.559636659851 854.000000000000
1.180865716050 4.580081924992 855.000000000000
1.215100184001 4.600444529534 856.000000000000
1.249656683068 4.620722077063 857.000000000000
1.284536632681 4.640912148623 858.000000000000
1.319741446144 4.661012302620 859.000000000000
1.355272530469 4.681020074715 860.000000000000
1.391131286198 4.700932977734 861.000000000000
1.427319107236 4.720748501562 862.000000000000
1.463837380670 4.740464113052 863.000000000000
1.500687486591 4.760077255926 864.000000000000
1.537870797920 4.779585350676 865.000000000000
1.575388680223 4.798985794471 866.000000000000
1.613242491533 4.818275961057 867.000000000000
1.651433582159 4.837453200669 868.000000000000
1.689963294510 4.856514839930 869.000000000000
1.728832962899 4.875458181761 870.000000000000
1.768043913361 4.894280505284 871.000000000000
1.807597463458 4.912979065734 872.000000000000
1.847494922091 4.931551094361 873.000000000000
1.887737589299 4.949993798343 874.000000000000
1.928326756074 4.968304360694 875.000000000000
1.969263704153 4.986479940173 876.000000000000
2.010549705829 5.004517671192 877.000000000000
2.052186023742 5.022414663731 878.000000000000
2.094173910681 5.040168003249 879.000000000000
2.136514609380 5.057774750593 880.000000000000
2.179209352312 5.075231941914 881.000000000000
2.222259361479 5.092536588581 882.000000000000
2.265665848208 5.109685677093 883.000000000000
2.309430012935 5.126676168995 884.000000000000
2.353553044993 5.143505000796 885.000000000000
2.398036122401 5.160169083884 886.000000000000
2.442880411645 5.176665304444 887.000000000000
2.488087067460 5.192990523374 888.000000000000
2.533657232612 5.209141576210 889.000000000000
2.579592037675 5.225115273040 890.000000000000
2.625892600806 5.240908398427 891.000000000000
2.672560027526 5.256517711332 892.000000000000
2.719595410485 5.271939945035 893.000000000000
2.766999829240 5.287171807059 894.000000000000
2.814774350022 5.302209979096 895.000000000000
2.862920025502 5.317051116927 896.000000000000
2.911437894561 5.331691850357 897.000000000000
2.960328982049 5.346128783135 898.000000000000
3.009594298552 5.360358492883 899.000000000000
3.059234840149 5.374377531031 900.000000000000
3.109251588174 5.388182422740 901.000000000000
3.159645508968 5.401769666838 902.000000000000
3.210417553638 5.415135735750 903.000000000000
3.261568657811 5.428277075433 904.000000000000
3.313099741378 5.441190105310 905.000000000000
3.365011708253 5.453871218206 906.000000000000
3.417305446114 5.466316780282 907.000000000000
3.469981826148 5.478523130976 908.000000000000
3.523041702802 5.490486582943 909.000000000000
3.576485913517 5.502203421991 910.000000000000
3.630315278472 5.513669907024 911.000000000000
3.684530600320 5.524882269988 912.000000000000
3.739132663926 5.535836715811 913.000000000000
3.794122236103 5.546529422346 914.000000000000
3.849500065340 5.556956540325 915.000000000000
3.905266881534 5.567114193300 916.000000000000
3.961423395722 5.576998477593 917.000000000000
4.017970299803 5.586605462248 918.000000000000
4.074908266266 5.595931188982 919.000000000000
4.132237947913 5.604971672137 920.000000000000
4.189959977577 5.613722898637 921.000000000000
4.248074967844 5.622180827937 922.000000000000
4.306583510769 5.630341391990 923.000000000000
4.365486177591 5.638200495198 924.000000000000
4.424783518448 5.645754014372 925.000000000000
4.484476062085 5.652997798701 926.000000000000
4.544564315569 5.659927669705 927.000000000000
4.605048763990 5.666539421207 928.000000000000
4.665929870170 5.672828819296 929.000000000000
4.727208074367 5.678791602293 930.000000000000
4.788883793977 5.684423480726 931.000000000000
4.850957423230 5.689720137293 932.000000000000
4.913429332893 5.694677226840 933.000000000000
4.976299869962 5.699290376334 934.000000000000
5.039569357357 5.703555184837 935.000000000000
5.103238093615 5.707467223485 936.000000000000
5.167306352579 5.711022035467 937.000000000000
5.231774383085 5.714215136003 938.000000000000
5.296642408650 5.717042012333 939.000000000000
5.361910627157 5.719498123695 940.000000000000
5.427579210532 5.721578901312 941.000000000000
5.493648304430 5.723279748385 942.000000000000
5.560118027911 5.724596040076 943.000000000000
5.626988473115 5.725523123506 944.000000000000
5.694259704937 5.726056317742 945.000000000000
5.761931760701 5.726190913799 946.000000000000
5.830004649829 5.725922174633 947.000000000000
5.898478353510 5.725245335141 948.000000000000
5.967352824364 5.724155602165 949.000000000000
6.036627986110 5.722648154491 950.000000000000
6.106303733227 5.720718142858 951.000000000000
6.176379930614 5.718360689963 952.000000000000
6.246856413249 5.715570890473 953.000000000000
6.317732985847 5.712343811035 954.000000000000
6.389009422512 5.708674490287 955.000000000000
6.460685466390 5.704557938880 956.000000000000
6.532760829325 5.699989139490 957.000000000000
6.605235191499 5.694963046842 958.000000000000
6.678108201086 5.689474587731 959.000000000000
6.751379473895 5.683518661046 960.000000000000
6.825048593010 5.677090137797 961.000000000000
6.899115108434 5.670183861147 962.000000000000
6.973578536729 5.662794646440 963.000000000000
7.048438360649 5.654917281234 964.000000000000
7.123694028779 5.646546525344 965.000000000000
7.199344955166 5.637677110872 966.000000000000
7.275390518950 5.628303742252 967.000000000000
7.351830063996 5.618421096297 968.000000000000
7.428662898519 5.608023822236 969.000000000000
7.505888294710 5.597106541773 970.000000000000
7.583505488358 5.585663849130 971.000000000000
7.661513678476 5.573690311102 972.000000000000
7.739912026916 5.561180467117 973.000000000000
7.818699657988 5.548128829289 974.000000000000
7.897875658079 5.534529882486 975.000000000000
7.977439075261 5.520378084387 976.000000000000
8.057388918909 5.505667865552 977.000000000000
8.137724159308 5.490393629493 978.000000000000
8.218443727260 5.474549752743 979.000000000000
8.299546513696 5.458130584932 980.000000000000
8.381031369272 5.441130448865 981.000000000000
8.462897103980 5.423543640603 982.000000000000
8.545142486743 5.405364429542 983.000000000000
8.627766245015 5.386587058508 984.000000000000
8.710767064382 5.367205743837 985.000000000000
8.794143588151 5.347214675471 986.000000000000
8.877894416947 5.326608017054 987.000000000000
8.962018108305 5.305379906028 988.000000000000
9.046513176256 5.283524453734 989.000000000000
9.131378090918 5.261035745518 990.000000000000
9.216611278083 5.237907840836 991.000000000000
9.302211118796 5.214134773364 992.000000000000
9.388175948944 5.189710551114 993.000000000000
9.474504058830 5.164629156547 994.000000000000
9.561193692758 5.138884546696 995.000000000000
9.648243048603 5.112470653287 996.000000000000
9.735650277395 5.085381382864 997.000000000000
9.823413482883 5.057610616922 998.000000000000
9.911530721114 5.029152212036 999.000000000000
10.000000000000 5.000000000000 1000.000000000000
