-----------------------------------------------------------------------------
   PRES   HGHT   TEMP   DWPT   RELH   MIXR   DRCT   SKNT   THTA   THTE   THTV
    hPa     m      C      C      %    g/kg    deg   knot     K      K      K
-----------------------------------------------------------------------------
 1007.0     31   21.6   17.4     77  12.57     30      3  294.2  330.3  296.4
 1006.0     40   21.4   16.9     76  12.19      0      0  294.0  329.1  296.2
 1000.0     91   20.0   14.0     68  10.14     35      2  293.1  322.3  294.9
  969.0    360   18.4   13.5     73  10.12    125      6  294.2  323.4  296.0
  941.0    611   17.0   13.0     77  10.09    102     11  295.2  324.5  297.0
  927.0    739   17.0   12.2     73   9.73     90     14  296.5  324.9  298.2
  925.0    757   17.0   12.1     73   9.67     90     14  296.7  324.9  298.4
  886.0   1124   15.1   11.8     81   9.90     95      8  298.4  327.5  300.1
  850.0   1478   13.2   11.5     89  10.12     50      6  300.0  329.9  301.8
  847.0   1508   13.1   11.4     89  10.10     50      4  300.1  330.0  302.0
  816.0   1820   12.0   10.4     90   9.81    265      6  302.2  331.5  304.0
  780.0   2198   10.7    9.2     91   9.46    270     16  304.7  333.3  306.4
  742.0   2617    9.2    7.9     92   9.09    256     17  307.5  335.3  309.2
  714.0   2936    7.5   -0.3     58   5.27    245     17  309.0  325.6  309.9
  713.0   2947    7.4   -0.6     57   5.16    245     17  309.0  325.3  310.0
  708.0   3006    9.4   -0.6     50   5.20    245     16  311.9  328.4  312.8
  700.0   3100    8.8   -3.2     43   4.34    245     14  312.2  326.2  313.0
  687.0   3254    8.1  -20.6     11   1.09    225     10  313.1  316.9  313.3
  679.0   3350    7.6  -31.4      4   0.41    228     11  313.6  315.1  313.7
  608.0   4228    2.0  -34.0      5   0.36    260     19  317.2  318.5  317.3
  553.0   4982   -2.8  -36.2      6   0.31    240     21  320.2  321.4  320.3
  506.0   5688   -7.3  -38.3      6   0.28    240     25  323.0  324.1  323.0
  500.0   5780   -8.1  -36.1      8   0.35    240     25  323.1  324.5  323.2
  485.0   6016   -9.9  -34.9     11   0.41    240     29  323.7  325.3  323.8
  478.0   6128  -10.5  -16.5     61   2.21    240     31  324.3  332.1  324.8
  477.0   6144  -10.6  -16.3     63   2.25    240     31  324.4  332.2  324.8
  467.0   6306  -11.9  -14.4     82   2.70    244     35  324.7  334.1  325.3
  442.0   6726  -13.5  -19.5     61   1.86    254     44  327.9  334.5  328.2
  438.0   6795  -13.5  -20.5     56   1.72    256     46  328.7  334.9  329.1
  407.0   7349  -17.1  -21.4     69   1.72    270     58  331.0  337.3  331.4
  402.0   7443  -17.7  -21.5     72   1.72    266     61  331.4  337.7  331.8
  400.0   7480  -17.7  -22.2     68   1.62    265     62  331.9  337.8  332.2
  385.0   7765  -19.3  -26.3     54   1.17    263     62  333.4  337.8  333.7
  365.0   8151  -22.2  -28.6     56   1.00    260     62  334.7  338.5  334.9
  326.0   8969  -28.4  -33.4     62   0.71    275     72  337.2  339.9  337.3
  309.0   9356  -31.3  -35.6     65   0.60    270     82  338.3  340.6  338.4
  300.0   9570  -32.9  -36.9     67   0.54    265     82  338.9  341.0  339.0
  265.0  10434  -40.1  -44.8     61   0.27    269     86  340.6  341.7  340.6
  258.0  10616  -41.8                         270     87  340.8         340.8
  250.0  10830  -43.7                         270     91  341.0         341.0
  242.0  11048  -44.4                         270     95  343.1         343.1
  237.0  11188  -44.9                         270     94  344.4         344.4
  200.0  12310  -49.5                         270     86  354.2         354.2
  183.0  12888  -53.7                         270     83  356.5         356.5
  159.0  13773  -60.8                         270     78  359.2         359.2
  150.0  14140  -63.7                         270     82  360.1         360.1
  134.0  14824  -65.5                         280     72  368.7         368.7
  107.0  16188  -69.1                         276     54  386.4         386.4
  104.0  16357  -70.2                         275     52  387.5         387.5
  100.0  16590  -71.7                         270     56  388.9         388.9
